9.656816945043040334e+00 9.692373431396639205e-02 3.625583855519920462e-03 0.000000000000000000e+00 0.000000000000000000e+00 0.000000000000000000e+00 0.000000000000000000e+00
4.649085985975887070e-01 2.506763757012020477e-02 0.000000000000000000e+00 0.000000000000000000e+00 0.000000000000000000e+00 0.000000000000000000e+00 0.000000000000000000e+00
8.819949085051081994e-01 7.279890336014016583e-02 2.872229100550072189e-04 0.000000000000000000e+00 0.000000000000000000e+00 0.000000000000000000e+00 0.000000000000000000e+00
7.093328786812378439e-01 0.000000000000000000e+00 0.000000000000000000e+00 0.000000000000000000e+00 0.000000000000000000e+00 0.000000000000000000e+00 0.000000000000000000e+00
4.823480081633757521e-02 0.000000000000000000e+00 0.000000000000000000e+00 0.000000000000000000e+00 0.000000000000000000e+00 0.000000000000000000e+00 0.000000000000000000e+00
8.949984370952344115e-01 1.660072402715595530e-03 0.000000000000000000e+00 0.000000000000000000e+00 0.000000000000000000e+00 0.000000000000000000e+00 0.000000000000000000e+00
1.918471845198419068e+00 0.000000000000000000e+00 0.000000000000000000e+00 0.000000000000000000e+00 0.000000000000000000e+00 0.000000000000000000e+00 0.000000000000000000e+00
4.088096678235469739e+00 2.259803798221755144e+00 5.164872803857711858e-02 5.164872803857711858e-02 0.000000000000000000e+00 0.000000000000000000e+00 0.000000000000000000e+00
1.563557511976046754e+00 1.563557511976046754e+00 1.563557511976046754e+00 1.021609610343422681e+00 0.000000000000000000e+00 0.000000000000000000e+00 0.000000000000000000e+00
1.195048742063928415e+00 4.776975420895723801e-03 4.776975420895723801e-03 0.000000000000000000e+00 0.000000000000000000e+00 0.000000000000000000e+00 0.000000000000000000e+00
4.391857950000295219e-01 0.000000000000000000e+00 0.000000000000000000e+00 0.000000000000000000e+00 0.000000000000000000e+00 0.000000000000000000e+00 0.000000000000000000e+00
8.498390560387130144e-01 8.498390560387130144e-01 5.373365164873389332e-01 1.461188797541090878e-03 0.000000000000000000e+00 0.000000000000000000e+00 0.000000000000000000e+00
2.078231512299530070e+00 7.832825070722559957e-01 7.832825070722559957e-01 8.474790527366593551e-02 0.000000000000000000e+00 0.000000000000000000e+00 0.000000000000000000e+00
7.995493259783392759e-02 7.995493259783392759e-02 0.000000000000000000e+00 0.000000000000000000e+00 0.000000000000000000e+00 0.000000000000000000e+00 0.000000000000000000e+00
1.676382151104346185e+00 1.676382151104346185e+00 1.576822123663056852e+00 1.468058257454258886e-01 1.468058257454258886e-01 0.000000000000000000e+00 0.000000000000000000e+00
4.891535602731611476e-02 0.000000000000000000e+00 0.000000000000000000e+00 0.000000000000000000e+00 0.000000000000000000e+00 0.000000000000000000e+00 0.000000000000000000e+00
4.246312926445467539e+00 2.220270611742945377e+00 2.034666499067246281e+00 2.678812101806620216e-01 2.678812101806620216e-01 5.249059590394788977e-04 5.249059590394788977e-04
2.438020038522115129e-02 2.438020038522115129e-02 0.000000000000000000e+00 0.000000000000000000e+00 0.000000000000000000e+00 0.000000000000000000e+00 0.000000000000000000e+00
2.916049019552999777e-01 8.781481096399978981e-03 0.000000000000000000e+00 0.000000000000000000e+00 0.000000000000000000e+00 0.000000000000000000e+00 0.000000000000000000e+00
2.159506250064989086e+00 2.830612867610415861e-02 0.000000000000000000e+00 0.000000000000000000e+00 0.000000000000000000e+00 0.000000000000000000e+00 0.000000000000000000e+00
1.323088649976180697e+00 0.000000000000000000e+00 0.000000000000000000e+00 0.000000000000000000e+00 0.000000000000000000e+00 0.000000000000000000e+00 0.000000000000000000e+00
1.179463566937444252e-01 1.179463566937444252e-01 1.179463566937444252e-01 0.000000000000000000e+00 0.000000000000000000e+00 0.000000000000000000e+00 0.000000000000000000e+00
2.353030525626857994e-01 0.000000000000000000e+00 0.000000000000000000e+00 0.000000000000000000e+00 0.000000000000000000e+00 0.000000000000000000e+00 0.000000000000000000e+00
1.455211670344423780e+00 0.000000000000000000e+00 0.000000000000000000e+00 0.000000000000000000e+00 0.000000000000000000e+00 0.000000000000000000e+00 0.000000000000000000e+00
3.511268341374309543e-01 0.000000000000000000e+00 0.000000000000000000e+00 0.000000000000000000e+00 0.000000000000000000e+00 0.000000000000000000e+00 0.000000000000000000e+00
9.079664176620285687e-01 6.583978796618241702e-01 1.834703987782004830e-01 1.493937663021860374e-03 0.000000000000000000e+00 0.000000000000000000e+00 0.000000000000000000e+00
4.449512911470809851e-01 3.813244355372824579e-02 3.813244355372824579e-02 3.813244355372824579e-02 3.813244355372824579e-02 2.200407881485944017e-02 1.370686937485210422e-03
3.630924247194711185e+00 2.790882295879295594e+00 1.396945331723475903e-02 1.396945331723475903e-02 0.000000000000000000e+00 0.000000000000000000e+00 0.000000000000000000e+00
1.168301371461894611e+00 1.860889953167799149e-03 0.000000000000000000e+00 0.000000000000000000e+00 0.000000000000000000e+00 0.000000000000000000e+00 0.000000000000000000e+00
1.166111975834130732e+00 0.000000000000000000e+00 0.000000000000000000e+00 0.000000000000000000e+00 0.000000000000000000e+00 0.000000000000000000e+00 0.000000000000000000e+00
1.444860893768140642e-02 0.000000000000000000e+00 0.000000000000000000e+00 0.000000000000000000e+00 0.000000000000000000e+00 0.000000000000000000e+00 0.000000000000000000e+00
1.928555551972097604e-01 0.000000000000000000e+00 0.000000000000000000e+00 0.000000000000000000e+00 0.000000000000000000e+00 0.000000000000000000e+00 0.000000000000000000e+00
5.049942117355645799e-01 4.959062428011140611e-03 0.000000000000000000e+00 0.000000000000000000e+00 0.000000000000000000e+00 0.000000000000000000e+00 0.000000000000000000e+00
1.446784485610859150e-01 1.126599421191087913e-03 1.126599421191087913e-03 0.000000000000000000e+00 0.000000000000000000e+00 0.000000000000000000e+00 0.000000000000000000e+00
5.282687077005556731e-01 5.282687077005556731e-01 5.282687077005556731e-01 9.191529630778738635e-04 9.191529630778738635e-04 0.000000000000000000e+00 0.000000000000000000e+00
1.354960495125272502e-01 5.790638301021999723e-04 5.790638301021999723e-04 0.000000000000000000e+00 0.000000000000000000e+00 0.000000000000000000e+00 0.000000000000000000e+00
1.553561583912981270e+00 1.345807639262264210e-01 0.000000000000000000e+00 0.000000000000000000e+00 0.000000000000000000e+00 0.000000000000000000e+00 0.000000000000000000e+00
1.269529820366521733e-02 0.000000000000000000e+00 0.000000000000000000e+00 0.000000000000000000e+00 0.000000000000000000e+00 0.000000000000000000e+00 0.000000000000000000e+00
7.149211456071591364e+00 1.645947593375656215e+00 1.963419048144050549e-01 3.377432841260130658e-03 0.000000000000000000e+00 0.000000000000000000e+00 0.000000000000000000e+00
6.785074284243219900e-01 2.295763717477417032e-03 0.000000000000000000e+00 0.000000000000000000e+00 0.000000000000000000e+00 0.000000000000000000e+00 0.000000000000000000e+00
1.062290440835153227e+00 1.443840344149904809e-03 0.000000000000000000e+00 0.000000000000000000e+00 0.000000000000000000e+00 0.000000000000000000e+00 0.000000000000000000e+00
2.273252639345094028e+00 2.499819331535357847e-02 0.000000000000000000e+00 0.000000000000000000e+00 0.000000000000000000e+00 0.000000000000000000e+00 0.000000000000000000e+00
6.255858031196481761e-02 6.255858031196481761e-02 0.000000000000000000e+00 0.000000000000000000e+00 0.000000000000000000e+00 0.000000000000000000e+00 0.000000000000000000e+00
1.088787610388549432e+00 7.415485900971141575e-02 7.415485900971141575e-02 0.000000000000000000e+00 0.000000000000000000e+00 0.000000000000000000e+00 0.000000000000000000e+00
1.460933082305237996e+00 1.567611589265363037e-01 1.567611589265363037e-01 0.000000000000000000e+00 0.000000000000000000e+00 0.000000000000000000e+00 0.000000000000000000e+00
0.000000000000000000e+00 0.000000000000000000e+00 0.000000000000000000e+00 0.000000000000000000e+00 0.000000000000000000e+00 0.000000000000000000e+00 0.000000000000000000e+00
3.905553613318514916e+00 1.795817460425090495e+00 9.124981996517780303e-01 9.124981996517780303e-01 1.191870993277888147e-05 1.191870993277888147e-05 1.191870993277888147e-05
6.025751294178220974e-01 0.000000000000000000e+00 0.000000000000000000e+00 0.000000000000000000e+00 0.000000000000000000e+00 0.000000000000000000e+00 0.000000000000000000e+00
1.549043697309335776e-01 5.306664221717216634e-03 0.000000000000000000e+00 0.000000000000000000e+00 0.000000000000000000e+00 0.000000000000000000e+00 0.000000000000000000e+00
2.754033104577572999e+00 2.754033104577572999e+00 2.754033104577572999e+00 1.316307883677092505e-02 0.000000000000000000e+00 0.000000000000000000e+00 0.000000000000000000e+00
4.554497170791158567e-01 9.682168512227473656e-02 4.658940480188888955e-04 0.000000000000000000e+00 0.000000000000000000e+00 0.000000000000000000e+00 0.000000000000000000e+00
7.305227671471969941e-01 1.316593591324632939e-03 0.000000000000000000e+00 0.000000000000000000e+00 0.000000000000000000e+00 0.000000000000000000e+00 0.000000000000000000e+00
2.481304135862292259e+00 7.319220745905705705e-01 1.934471940965520886e-01 1.039203860601745077e-03 1.039203860601745077e-03 0.000000000000000000e+00 0.000000000000000000e+00
1.523278233596583320e+00 2.459988947832236761e-02 2.459988947832236761e-02 0.000000000000000000e+00 0.000000000000000000e+00 0.000000000000000000e+00 0.000000000000000000e+00
2.503736925318585715e+00 0.000000000000000000e+00 0.000000000000000000e+00 0.000000000000000000e+00 0.000000000000000000e+00 0.000000000000000000e+00 0.000000000000000000e+00
1.720385571639704292e+00 5.782352513033308661e-01 6.552061353326799065e-02 6.552061353326799065e-02 0.000000000000000000e+00 0.000000000000000000e+00 0.000000000000000000e+00
6.191606106211722249e-03 6.191606106211722249e-03 0.000000000000000000e+00 0.000000000000000000e+00 0.000000000000000000e+00 0.000000000000000000e+00 0.000000000000000000e+00
1.204175495827787046e+00 8.857875930833536415e-03 0.000000000000000000e+00 0.000000000000000000e+00 0.000000000000000000e+00 0.000000000000000000e+00 0.000000000000000000e+00
3.787202792645150140e-02 3.787202792645150140e-02 0.000000000000000000e+00 0.000000000000000000e+00 0.000000000000000000e+00 0.000000000000000000e+00 0.000000000000000000e+00
7.324304327148922766e-03 1.405379257946037797e-05 1.405379257946037797e-05 1.405379257946037797e-05 1.405379257946037797e-05 1.405379257946037797e-05 1.405379257946037797e-05
6.804214716501633120e-02 0.000000000000000000e+00 0.000000000000000000e+00 0.000000000000000000e+00 0.000000000000000000e+00 0.000000000000000000e+00 0.000000000000000000e+00
4.966233913662725374e-01 3.247532159989992007e-01 3.247532159989992007e-01 0.000000000000000000e+00 0.000000000000000000e+00 0.000000000000000000e+00 0.000000000000000000e+00
8.546405869781087405e-03 8.546405869781087405e-03 0.000000000000000000e+00 0.000000000000000000e+00 0.000000000000000000e+00 0.000000000000000000e+00 0.000000000000000000e+00
9.331006157283638913e-02 9.331006157283638913e-02 0.000000000000000000e+00 0.000000000000000000e+00 0.000000000000000000e+00 0.000000000000000000e+00 0.000000000000000000e+00
2.838119649694760938e+00 2.484685159009272226e-01 1.890164986528830582e-03 0.000000000000000000e+00 0.000000000000000000e+00 0.000000000000000000e+00 0.000000000000000000e+00
4.130942894641442820e-02 4.130942894641442820e-02 1.935762394449191959e-02 6.018073508098353841e-04 6.018073508098353841e-04 0.000000000000000000e+00 0.000000000000000000e+00
1.129760864000273202e+00 8.785519535403274460e-02 8.785519535403274460e-02 0.000000000000000000e+00 0.000000000000000000e+00 0.000000000000000000e+00 0.000000000000000000e+00
2.951768166790854853e+00 1.284209577804086067e+00 0.000000000000000000e+00 0.000000000000000000e+00 0.000000000000000000e+00 0.000000000000000000e+00 0.000000000000000000e+00
3.112846899941357215e-02 3.112846899941357215e-02 1.417425456642362747e-04 0.000000000000000000e+00 0.000000000000000000e+00 0.000000000000000000e+00 0.000000000000000000e+00
1.948857349469448774e+00 0.000000000000000000e+00 0.000000000000000000e+00 0.000000000000000000e+00 0.000000000000000000e+00 0.000000000000000000e+00 0.000000000000000000e+00
3.423716577869887256e+00 3.423716577869887256e+00 1.172334669636318605e+00 1.172334669636318605e+00 0.000000000000000000e+00 0.000000000000000000e+00 0.000000000000000000e+00
1.244605196656975998e-01 2.778033037942329031e-06 2.778033037942329031e-06 2.778033037942329031e-06 2.778033037942329031e-06 2.778033037942329031e-06 2.778033037942329031e-06
6.303474574168524747e+00 1.972472273854357638e-01 0.000000000000000000e+00 0.000000000000000000e+00 0.000000000000000000e+00 0.000000000000000000e+00 0.000000000000000000e+00
9.458276968047627520e+00 3.170734570289003074e+00 2.080033231188771481e-02 0.000000000000000000e+00 0.000000000000000000e+00 0.000000000000000000e+00 0.000000000000000000e+00
6.845042329782635715e-01 6.845042329782635715e-01 1.935059934874416854e-04 1.935059934874416854e-04 1.935059934874416854e-04 1.935059934874416854e-04 0.000000000000000000e+00
3.854667572674300935e+00 3.854667572674300935e+00 1.756648095537052257e-01 1.598398078308438386e-02 0.000000000000000000e+00 0.000000000000000000e+00 0.000000000000000000e+00
8.196318653353031891e-01 1.035900989531954863e-01 1.035900989531954863e-01 6.153830827392781089e-02 6.153830827392781089e-02 5.571283549166139437e-06 5.571283549166139437e-06
8.508222951088757924e+00 0.000000000000000000e+00 0.000000000000000000e+00 0.000000000000000000e+00 0.000000000000000000e+00 0.000000000000000000e+00 0.000000000000000000e+00
2.507839300073172684e+00 2.507839300073172684e+00 2.507839300073172684e+00 0.000000000000000000e+00 0.000000000000000000e+00 0.000000000000000000e+00 0.000000000000000000e+00
1.949053261944231785e+00 2.570998847792527187e-02 2.570998847792527187e-02 0.000000000000000000e+00 0.000000000000000000e+00 0.000000000000000000e+00 0.000000000000000000e+00
1.607354609139655111e-02 0.000000000000000000e+00 0.000000000000000000e+00 0.000000000000000000e+00 0.000000000000000000e+00 0.000000000000000000e+00 0.000000000000000000e+00
9.112788633188833032e-01 9.112788633188833032e-01 1.389319196664740019e-02 1.389319196664740019e-02 0.000000000000000000e+00 0.000000000000000000e+00 0.000000000000000000e+00
6.802663194378048672e+00 1.292218578374375593e+00 2.183366269755486755e-01 0.000000000000000000e+00 0.000000000000000000e+00 0.000000000000000000e+00 0.000000000000000000e+00
1.526514778923841797e+00 2.814987893775844352e-01 3.991387949156988135e-02 2.237379077574264130e-04 2.237379077574264130e-04 0.000000000000000000e+00 0.000000000000000000e+00
1.532035677671563789e-01 0.000000000000000000e+00 0.000000000000000000e+00 0.000000000000000000e+00 0.000000000000000000e+00 0.000000000000000000e+00 0.000000000000000000e+00
3.166138749951540987e+00 3.166138749951540987e+00 1.840573600478164096e+00 6.692139842798283667e-02 5.986138235174465194e-04 0.000000000000000000e+00 0.000000000000000000e+00
4.451232666371878643e+00 3.729905471686274510e+00 2.900152712496613550e+00 2.900152712496613550e+00 0.000000000000000000e+00 0.000000000000000000e+00 0.000000000000000000e+00
0.000000000000000000e+00 0.000000000000000000e+00 0.000000000000000000e+00 0.000000000000000000e+00 0.000000000000000000e+00 0.000000000000000000e+00 0.000000000000000000e+00
5.279230823992392629e+00 1.586033146750165379e-02 0.000000000000000000e+00 0.000000000000000000e+00 0.000000000000000000e+00 0.000000000000000000e+00 0.000000000000000000e+00
0.000000000000000000e+00 0.000000000000000000e+00 0.000000000000000000e+00 0.000000000000000000e+00 0.000000000000000000e+00 0.000000000000000000e+00 0.000000000000000000e+00
3.763829413505260124e+00 3.219490581124428985e-02 0.000000000000000000e+00 0.000000000000000000e+00 0.000000000000000000e+00 0.000000000000000000e+00 0.000000000000000000e+00
2.783195015034592323e+00 7.902507913778222814e-03 0.000000000000000000e+00 0.000000000000000000e+00 0.000000000000000000e+00 0.000000000000000000e+00 0.000000000000000000e+00
4.987644477183467373e+00 1.893016738813733113e-01 1.748050999515804449e-03 0.000000000000000000e+00 0.000000000000000000e+00 0.000000000000000000e+00 0.000000000000000000e+00
8.908097489368032029e-01 6.500732495241745568e-02 0.000000000000000000e+00 0.000000000000000000e+00 0.000000000000000000e+00 0.000000000000000000e+00 0.000000000000000000e+00
2.101823630926082487e+00 3.163097177009790428e-01 1.104718853462749451e-03 0.000000000000000000e+00 0.000000000000000000e+00 0.000000000000000000e+00 0.000000000000000000e+00
6.946993487231090114e-02 6.946993487231090114e-02 7.037129917923934386e-04 7.037129917923934386e-04 0.000000000000000000e+00 0.000000000000000000e+00 0.000000000000000000e+00
7.556258602221355147e-02 0.000000000000000000e+00 0.000000000000000000e+00 0.000000000000000000e+00 0.000000000000000000e+00 0.000000000000000000e+00 0.000000000000000000e+00
4.581923825080251866e-01 4.174293078671684754e-01 4.174293078671684754e-01 0.000000000000000000e+00 0.000000000000000000e+00 0.000000000000000000e+00 0.000000000000000000e+00
4.624233228112650806e-02 0.000000000000000000e+00 0.000000000000000000e+00 0.000000000000000000e+00 0.000000000000000000e+00 0.000000000000000000e+00 0.000000000000000000e+00
2.509664137872964051e+00 2.509664137872964051e+00 3.872839929121001390e-01 9.163029737627859106e-02 0.000000000000000000e+00 0.000000000000000000e+00 0.000000000000000000e+00
