3.229049342622800634e-01,7.066494057609062907e-03,7.066494057609062907e-03,0.000000000000000000e+00,0.000000000000000000e+00,0.000000000000000000e+00,0.000000000000000000e+00,0.000000000000000000e+00,0.000000000000000000e+00,0.000000000000000000e+00,0.000000000000000000e+00
8.469083138629758256e-01,3.979205825581226819e-01,2.396289379863001390e-01,1.643541931709857629e-01,1.643541931709857629e-01,4.479852624947533446e-02,7.066494057609062907e-03,0.000000000000000000e+00,0.000000000000000000e+00,0.000000000000000000e+00,0.000000000000000000e+00
4.479852624947533446e-02,1.042443027911099662e-02,7.066494057609062907e-03,0.000000000000000000e+00,0.000000000000000000e+00,0.000000000000000000e+00,0.000000000000000000e+00,0.000000000000000000e+00,0.000000000000000000e+00,0.000000000000000000e+00,0.000000000000000000e+00
5.537891875987310808e-02,5.537891875987310808e-02,5.537891875987310808e-02,1.613142239206055706e-03,1.613142239206055706e-03,0.000000000000000000e+00,0.000000000000000000e+00,0.000000000000000000e+00,0.000000000000000000e+00,0.000000000000000000e+00,0.000000000000000000e+00
3.864136695422728529e-01,2.396289379863001390e-01,2.396289379863001390e-01,2.396289379863001390e-01,1.613142239206055706e-03,1.613142239206055706e-03,1.613142239206055706e-03,1.613142239206055706e-03,0.000000000000000000e+00,0.000000000000000000e+00,0.000000000000000000e+00
2.862609983322661478e-01,1.231870202486740062e-02,1.613142239206055706e-03,0.000000000000000000e+00,0.000000000000000000e+00,0.000000000000000000e+00,0.000000000000000000e+00,0.000000000000000000e+00,0.000000000000000000e+00,0.000000000000000000e+00,0.000000000000000000e+00
2.511533527501471630e-01,9.098725778114302720e-02,2.223989810940185663e-02,1.042443027911099662e-02,0.000000000000000000e+00,0.000000000000000000e+00,0.000000000000000000e+00,0.000000000000000000e+00,0.000000000000000000e+00,0.000000000000000000e+00,0.000000000000000000e+00
3.281701696609431451e-01,9.718746367084196702e-02,1.613142239206055706e-03,1.613142239206055706e-03,1.613142239206055706e-03,0.000000000000000000e+00,0.000000000000000000e+00,0.000000000000000000e+00,0.000000000000000000e+00,0.000000000000000000e+00,0.000000000000000000e+00
3.809352279335245228e-01,3.236152118414947765e-02,1.613142239206055706e-03,0.000000000000000000e+00,0.000000000000000000e+00,0.000000000000000000e+00,0.000000000000000000e+00,0.000000000000000000e+00,0.000000000000000000e+00,0.000000000000000000e+00,0.000000000000000000e+00
7.539088658442816282e-02,1.042443027911099662e-02,3.237362821574274463e-03,0.000000000000000000e+00,0.000000000000000000e+00,0.000000000000000000e+00,0.000000000000000000e+00,0.000000000000000000e+00,0.000000000000000000e+00,0.000000000000000000e+00,0.000000000000000000e+00
9.393882851658064137e-02,2.525578102815284609e-02,2.223989810940185663e-02,7.066494057609062907e-03,0.000000000000000000e+00,0.000000000000000000e+00,0.000000000000000000e+00,0.000000000000000000e+00,0.000000000000000000e+00,0.000000000000000000e+00,0.000000000000000000e+00
2.367923257965025563e-01,1.361081838789379717e-02,4.182355458424824590e-03,0.000000000000000000e+00,0.000000000000000000e+00,0.000000000000000000e+00,0.000000000000000000e+00,0.000000000000000000e+00,0.000000000000000000e+00,0.000000000000000000e+00,0.000000000000000000e+00
4.149323429971217836e-01,2.396289379863001390e-01,6.197489962005708897e-02,1.841137794254099624e-02,1.841137794254099624e-02,0.000000000000000000e+00,0.000000000000000000e+00,0.000000000000000000e+00,0.000000000000000000e+00,0.000000000000000000e+00,0.000000000000000000e+00
1.306191549158426390e-01,3.333133199882376552e-02,3.333133199882376552e-02,1.613142239206055706e-03,0.000000000000000000e+00,0.000000000000000000e+00,0.000000000000000000e+00,0.000000000000000000e+00,0.000000000000000000e+00,0.000000000000000000e+00,0.000000000000000000e+00
2.432396958657292441e-01,4.182355458424824590e-03,4.182355458424824590e-03,0.000000000000000000e+00,0.000000000000000000e+00,0.000000000000000000e+00,0.000000000000000000e+00,0.000000000000000000e+00,0.000000000000000000e+00,0.000000000000000000e+00,0.000000000000000000e+00
1.367274401276290519e-01,7.388550384268954829e-02,2.223989810940185663e-02,7.066494057609062907e-03,0.000000000000000000e+00,0.000000000000000000e+00,0.000000000000000000e+00,0.000000000000000000e+00,0.000000000000000000e+00,0.000000000000000000e+00,0.000000000000000000e+00
3.959445231578573310e-01,7.388550384268954829e-02,2.525578102815284609e-02,7.066494057609062907e-03,0.000000000000000000e+00,0.000000000000000000e+00,0.000000000000000000e+00,0.000000000000000000e+00,0.000000000000000000e+00,0.000000000000000000e+00,0.000000000000000000e+00
1.381348705483818051e-01,1.361081838789379717e-02,4.182355458424824590e-03,0.000000000000000000e+00,0.000000000000000000e+00,0.000000000000000000e+00,0.000000000000000000e+00,0.000000000000000000e+00,0.000000000000000000e+00,0.000000000000000000e+00,0.000000000000000000e+00
3.837120785802884404e-01,2.636490729450886583e-01,2.110163883246918282e-02,2.110163883246918282e-02,7.066494057609062907e-03,0.000000000000000000e+00,0.000000000000000000e+00,0.000000000000000000e+00,0.000000000000000000e+00,0.000000000000000000e+00,0.000000000000000000e+00
3.809352279335245228e-01,3.809352279335245228e-01,3.163547102934987088e-01,1.255179271271958941e-01,2.525578102815284609e-02,7.066494057609062907e-03,0.000000000000000000e+00,0.000000000000000000e+00,0.000000000000000000e+00,0.000000000000000000e+00,0.000000000000000000e+00
