1.073971304266946092e+00,1.682842201927599035e-01,1.682842201927599035e-01,4.113499930177688668e-02,4.113499930177688668e-02,0.000000000000000000e+00,0.000000000000000000e+00,0.000000000000000000e+00,0.000000000000000000e+00,0.000000000000000000e+00,0.000000000000000000e+00
2.719401504982275952e+00,6.829442725261127833e-01,2.622666340174983901e-01,1.013617696013948688e-01,1.013617696013948688e-01,0.000000000000000000e+00,0.000000000000000000e+00,0.000000000000000000e+00,0.000000000000000000e+00,0.000000000000000000e+00,0.000000000000000000e+00
1.555866773824757132e+00,1.013617696013948688e-01,1.930914353493662361e-02,0.000000000000000000e+00,0.000000000000000000e+00,0.000000000000000000e+00,0.000000000000000000e+00,0.000000000000000000e+00,0.000000000000000000e+00,0.000000000000000000e+00,0.000000000000000000e+00
6.356707060868682646e-01,9.123927801078934863e-02,6.044414283671351029e-02,6.044414283671351029e-02,1.930914353493662361e-02,1.930914353493662361e-02,0.000000000000000000e+00,0.000000000000000000e+00,0.000000000000000000e+00,0.000000000000000000e+00,0.000000000000000000e+00
4.123281313441325757e+00,8.568023408025897680e-01,8.205262606646002155e-02,5.010427870901246195e-02,5.010427870901246195e-02,0.000000000000000000e+00,0.000000000000000000e+00,0.000000000000000000e+00,0.000000000000000000e+00,0.000000000000000000e+00,0.000000000000000000e+00
2.982017913133676146e+00,5.010427870901246195e-02,0.000000000000000000e+00,0.000000000000000000e+00,0.000000000000000000e+00,0.000000000000000000e+00,0.000000000000000000e+00,0.000000000000000000e+00,0.000000000000000000e+00,0.000000000000000000e+00,0.000000000000000000e+00
1.654005992191196484e+00,2.536129537532740841e-01,2.536129537532740841e-01,5.010427870901246195e-02,0.000000000000000000e+00,0.000000000000000000e+00,0.000000000000000000e+00,0.000000000000000000e+00,0.000000000000000000e+00,0.000000000000000000e+00,0.000000000000000000e+00
1.745277197075122189e+00,1.682842201927599035e-01,1.682842201927599035e-01,5.010427870901246195e-02,0.000000000000000000e+00,0.000000000000000000e+00,0.000000000000000000e+00,0.000000000000000000e+00,0.000000000000000000e+00,0.000000000000000000e+00,0.000000000000000000e+00
2.982017913133676146e+00,3.034016333192752768e-01,3.034016333192752768e-01,1.930914353493662361e-02,0.000000000000000000e+00,0.000000000000000000e+00,0.000000000000000000e+00,0.000000000000000000e+00,0.000000000000000000e+00,0.000000000000000000e+00,0.000000000000000000e+00
8.205262606646002155e-02,0.000000000000000000e+00,0.000000000000000000e+00,0.000000000000000000e+00,0.000000000000000000e+00,0.000000000000000000e+00,0.000000000000000000e+00,0.000000000000000000e+00,0.000000000000000000e+00,0.000000000000000000e+00,0.000000000000000000e+00
1.000764495783261765e+00,1.013617696013948688e-01,1.930914353493662361e-02,1.930914353493662361e-02,0.000000000000000000e+00,0.000000000000000000e+00,0.000000000000000000e+00,0.000000000000000000e+00,0.000000000000000000e+00,0.000000000000000000e+00,0.000000000000000000e+00
8.751945434450103534e-01,4.113499930177688668e-02,4.113499930177688668e-02,0.000000000000000000e+00,0.000000000000000000e+00,0.000000000000000000e+00,0.000000000000000000e+00,0.000000000000000000e+00,0.000000000000000000e+00,0.000000000000000000e+00,0.000000000000000000e+00
4.946397143848129119e+00,3.034016333192752768e-01,3.034016333192752768e-01,1.930914353493662361e-02,0.000000000000000000e+00,0.000000000000000000e+00,0.000000000000000000e+00,0.000000000000000000e+00,0.000000000000000000e+00,0.000000000000000000e+00,0.000000000000000000e+00
2.234489290740931722e+00,9.123927801078934863e-02,4.113499930177688668e-02,4.113499930177688668e-02,4.113499930177688668e-02,0.000000000000000000e+00,0.000000000000000000e+00,0.000000000000000000e+00,0.000000000000000000e+00,0.000000000000000000e+00,0.000000000000000000e+00
1.108280583544642539e+00,2.622666340174983901e-01,1.930914353493662361e-02,0.000000000000000000e+00,0.000000000000000000e+00,0.000000000000000000e+00,0.000000000000000000e+00,0.000000000000000000e+00,0.000000000000000000e+00,0.000000000000000000e+00,0.000000000000000000e+00
2.018759430746955630e+00,1.930914353493662361e-02,1.930914353493662361e-02,0.000000000000000000e+00,0.000000000000000000e+00,0.000000000000000000e+00,0.000000000000000000e+00,0.000000000000000000e+00,0.000000000000000000e+00,0.000000000000000000e+00,0.000000000000000000e+00
5.024025268864626526e+00,4.385231575372099400e+00,4.385231575372099400e+00,1.932316576252979701e+00,1.932316576252979701e+00,5.010427870901246195e-02,0.000000000000000000e+00,0.000000000000000000e+00,0.000000000000000000e+00,0.000000000000000000e+00,0.000000000000000000e+00
1.024169620102835410e+00,1.013617696013948688e-01,1.013617696013948688e-01,1.930914353493662361e-02,0.000000000000000000e+00,0.000000000000000000e+00,0.000000000000000000e+00,0.000000000000000000e+00,0.000000000000000000e+00,0.000000000000000000e+00,0.000000000000000000e+00
5.315498897479382201e+00,2.613635488672683138e+00,2.548871422000647868e+00,8.205262606646002155e-02,8.205262606646002155e-02,0.000000000000000000e+00,0.000000000000000000e+00,0.000000000000000000e+00,0.000000000000000000e+00,0.000000000000000000e+00,0.000000000000000000e+00
4.604956007207922752e+00,2.613295137532043455e+00,5.010427870901246195e-02,0.000000000000000000e+00,0.000000000000000000e+00,0.000000000000000000e+00,0.000000000000000000e+00,0.000000000000000000e+00,0.000000000000000000e+00,0.000000000000000000e+00,0.000000000000000000e+00
