6.832511966102166490e+00,6.832511966102166490e+00,6.097579670842210753e+00,5.604830191013316920e-01,5.604830191013316920e-01,9.495854263700209685e-02,3.291997342552477335e-03
6.163746790959878652e+00,6.163746790959878652e+00,6.105201082283085334e+00,4.906998598340273077e-01,9.495854263700209685e-02,2.503592600643145261e-02,0.000000000000000000e+00
6.163746790959878652e+00,6.163746790959878652e+00,2.881894768301398457e+00,2.881894768301398457e+00,7.952243754083436755e-01,1.659105306275296954e-01,3.291997342552477335e-03
4.603776033235810416e+00,4.603776033235810416e+00,2.450337931191446827e+00,8.282903872817755087e-01,1.592958184594959192e-01,1.806553553576506488e-03,0.000000000000000000e+00
7.637705367731697947e+00,6.420430046634548304e+00,6.420430046634548304e+00,6.097579670842210753e+00,2.085319884290157688e-01,2.085319884290157688e-01,2.503592600643145261e-02
3.279503467382697490e+00,3.279503467382697490e+00,1.475699810193519923e+00,4.286463063633956239e-01,2.083134979641343421e-02,1.806553553576506488e-03,0.000000000000000000e+00
6.665791592122442211e+00,6.665791592122442211e+00,6.665791592122442211e+00,6.097579670842210753e+00,7.128229161302908068e-01,1.280344326187101700e-01,2.503592600643145261e-02
6.250758215348208857e+00,6.250758215348208857e+00,6.098077672889266942e+00,6.345495152683575668e-01,6.345495152683575668e-01,1.280344326187101700e-01,3.291997342552477335e-03
1.129532069240962500e+00,3.051877920660732713e-01,6.056505869543116205e-02,0.000000000000000000e+00,0.000000000000000000e+00,0.000000000000000000e+00,0.000000000000000000e+00
2.148840224825645961e+00,1.730810649952324809e+00,7.380416985990745360e-01,2.083134979641343421e-02,1.806553553576506488e-03,0.000000000000000000e+00,0.000000000000000000e+00
1.806553553576506488e-03,1.806553553576506488e-03,0.000000000000000000e+00,0.000000000000000000e+00,0.000000000000000000e+00,0.000000000000000000e+00,0.000000000000000000e+00
8.282903872817755087e-01,8.282903872817755087e-01,1.592958184594959192e-01,2.083134979641343421e-02,0.000000000000000000e+00,0.000000000000000000e+00,0.000000000000000000e+00
3.643016515303969527e-01,2.513129974920609300e-01,8.824504928722731734e-02,1.806553553576506488e-03,0.000000000000000000e+00,0.000000000000000000e+00,0.000000000000000000e+00
9.236446251058723078e-01,5.729769721579085484e-01,6.056505869543116205e-02,1.806553553576506488e-03,0.000000000000000000e+00,0.000000000000000000e+00,0.000000000000000000e+00
1.592958184594959192e-01,2.083134979641343421e-02,1.806553553576506488e-03,0.000000000000000000e+00,0.000000000000000000e+00,0.000000000000000000e+00,0.000000000000000000e+00
7.450196842468018055e+00,2.935320063659483836e+00,1.024070894422580480e+00,3.051877920660732713e-01,2.083134979641343421e-02,0.000000000000000000e+00,0.000000000000000000e+00
6.212141110021390134e+00,6.212141110021390134e+00,6.212141110021390134e+00,7.952243754083436755e-01,3.642768122391739638e-01,9.495854263700209685e-02,3.291997342552477335e-03
6.922011026196660310e+00,6.506791022786459600e+00,6.097579670842210753e+00,5.604830191013316920e-01,1.280344326187101700e-01,2.503592600643145261e-02,0.000000000000000000e+00
8.824504928722731734e-02,1.806553553576506488e-03,0.000000000000000000e+00,0.000000000000000000e+00,0.000000000000000000e+00,0.000000000000000000e+00,0.000000000000000000e+00
3.105383800095747659e+00,3.105383800095747659e+00,1.475699810193519923e+00,4.286463063633956239e-01,3.809927802538659591e-02,1.806553553576506488e-03,0.000000000000000000e+00
3.279503467382697490e+00,6.673475108916804288e-02,1.164942605811880583e-02,0.000000000000000000e+00,0.000000000000000000e+00,0.000000000000000000e+00,0.000000000000000000e+00
1.280344326187101700e-01,1.164942605811880583e-02,0.000000000000000000e+00,0.000000000000000000e+00,0.000000000000000000e+00,0.000000000000000000e+00,0.000000000000000000e+00
8.816727007300890762e-01,1.806553553576506488e-03,1.806553553576506488e-03,0.000000000000000000e+00,0.000000000000000000e+00,0.000000000000000000e+00,0.000000000000000000e+00
6.099886635163707993e+00,6.099886635163707993e+00,6.099886635163707993e+00,4.906998598340273077e-01,9.495854263700209685e-02,2.503592600643145261e-02,0.000000000000000000e+00
1.475699810193519923e+00,1.024070894422580480e+00,3.643016515303969527e-01,8.741496797796344254e-03,0.000000000000000000e+00,0.000000000000000000e+00,0.000000000000000000e+00
3.291997342552477335e-03,0.000000000000000000e+00,0.000000000000000000e+00,0.000000000000000000e+00,0.000000000000000000e+00,0.000000000000000000e+00,0.000000000000000000e+00
3.291997342552477335e-03,0.000000000000000000e+00,0.000000000000000000e+00,0.000000000000000000e+00,0.000000000000000000e+00,0.000000000000000000e+00,0.000000000000000000e+00
2.026819617664941120e-01,2.026819617664941120e-01,8.741496797796344254e-03,1.806553553576506488e-03,0.000000000000000000e+00,0.000000000000000000e+00,0.000000000000000000e+00
3.618193935807613837e+00,1.708485195952105684e+00,2.558410537239570459e-01,0.000000000000000000e+00,0.000000000000000000e+00,0.000000000000000000e+00,0.000000000000000000e+00
1.266232617534591043e+00,8.816727007300890762e-01,2.085319884290157688e-01,3.291997342552477335e-03,0.000000000000000000e+00,0.000000000000000000e+00,0.000000000000000000e+00
7.952243754083436755e-01,2.085319884290157688e-01,2.503592600643145261e-02,0.000000000000000000e+00,0.000000000000000000e+00,0.000000000000000000e+00,0.000000000000000000e+00
6.126745929464186169e+00,6.126745929464186169e+00,6.126745929464186169e+00,1.280344326187101700e-01,1.280344326187101700e-01,2.503592600643145261e-02,0.000000000000000000e+00
2.085319884290157688e-01,2.085319884290157688e-01,4.341193861359293749e-02,3.291997342552477335e-03,0.000000000000000000e+00,0.000000000000000000e+00,0.000000000000000000e+00
6.271845229591663795e+00,6.271845229591663795e+00,6.105201082283085334e+00,3.642768122391739638e-01,3.642768122391739638e-01,6.673475108916804288e-02,3.291997342552477335e-03
4.404017791686856143e+00,4.404017791686856143e+00,3.279503467382697490e+00,1.475699810193519923e+00,3.051877920660732713e-01,3.051877920660732713e-01,3.051877920660732713e-01
4.717339510130514668e+00,1.266232617534591043e+00,1.164942605811880583e-02,0.000000000000000000e+00,0.000000000000000000e+00,0.000000000000000000e+00,0.000000000000000000e+00
6.354149006311096137e+00,1.129532069240962500e+00,1.129532069240962500e+00,3.051877920660732713e-01,6.056505869543116205e-02,0.000000000000000000e+00,0.000000000000000000e+00
4.286463063633956239e-01,4.286463063633956239e-01,6.056505869543116205e-02,1.806553553576506488e-03,0.000000000000000000e+00,0.000000000000000000e+00,0.000000000000000000e+00
2.503592600643145261e-02,0.000000000000000000e+00,0.000000000000000000e+00,0.000000000000000000e+00,0.000000000000000000e+00,0.000000000000000000e+00,0.000000000000000000e+00
6.317354761674222274e+00,6.317354761674222274e+00,6.105201082283085334e+00,5.604830191013316920e-01,1.280344326187101700e-01,2.503592600643145261e-02,0.000000000000000000e+00
1.211521583308314831e-01,1.211521583308314831e-01,8.741496797796344254e-03,0.000000000000000000e+00,0.000000000000000000e+00,0.000000000000000000e+00,0.000000000000000000e+00
8.741496797796344254e-03,1.806553553576506488e-03,0.000000000000000000e+00,0.000000000000000000e+00,0.000000000000000000e+00,0.000000000000000000e+00,0.000000000000000000e+00
2.148840224825645961e+00,2.148840224825645961e+00,8.282903872817755087e-01,1.592958184594959192e-01,8.741496797796344254e-03,0.000000000000000000e+00,0.000000000000000000e+00
1.806553553576506488e-03,0.000000000000000000e+00,0.000000000000000000e+00,0.000000000000000000e+00,0.000000000000000000e+00,0.000000000000000000e+00,0.000000000000000000e+00
3.925438152262049396e+00,3.170393594557866290e+00,1.280344326187101700e-01,0.000000000000000000e+00,0.000000000000000000e+00,0.000000000000000000e+00,0.000000000000000000e+00
6.269170575651609845e+00,5.695990068082563695e+00,5.695990068082563695e+00,4.238581449771749554e+00,1.480522181632942136e+00,9.495854263700209685e-02,3.291997342552477335e-03
8.824504928722731734e-02,3.809927802538659591e-02,8.741496797796344254e-03,0.000000000000000000e+00,0.000000000000000000e+00,0.000000000000000000e+00,0.000000000000000000e+00
1.592958184594959192e-01,8.824504928722731734e-02,2.083134979641343421e-02,0.000000000000000000e+00,0.000000000000000000e+00,0.000000000000000000e+00,0.000000000000000000e+00
8.282903872817755087e-01,2.026819617664941120e-01,2.083134979641343421e-02,0.000000000000000000e+00,0.000000000000000000e+00,0.000000000000000000e+00,0.000000000000000000e+00
6.308194786771619711e+00,1.280344326187101700e-01,1.280344326187101700e-01,1.164942605811880583e-02,0.000000000000000000e+00,0.000000000000000000e+00,0.000000000000000000e+00
2.074342059773666591e+00,2.074342059773666591e+00,7.952243754083436755e-01,1.280344326187101700e-01,3.291997342552477335e-03,0.000000000000000000e+00,0.000000000000000000e+00
6.506791022786459600e+00,3.105383800095747659e+00,3.105383800095747659e+00,1.355392635323612538e+00,4.286463063633956239e-01,2.083134979641343421e-02,0.000000000000000000e+00
5.367715547880743898e+00,4.252739889912007243e-01,9.495854263700209685e-02,3.291997342552477335e-03,0.000000000000000000e+00,0.000000000000000000e+00,0.000000000000000000e+00
2.602468952430157856e+00,2.074342059773666591e+00,4.906998598340273077e-01,2.503592600643145261e-02,0.000000000000000000e+00,0.000000000000000000e+00,0.000000000000000000e+00
8.824504928722731734e-02,2.083134979641343421e-02,1.806553553576506488e-03,0.000000000000000000e+00,0.000000000000000000e+00,0.000000000000000000e+00,0.000000000000000000e+00
1.371620194533075932e+00,1.371620194533075932e+00,4.252739889912007243e-01,4.341193861359293749e-02,0.000000000000000000e+00,0.000000000000000000e+00,0.000000000000000000e+00
1.239987422408038498e+00,4.286463063633956239e-01,8.824504928722731734e-02,1.806553553576506488e-03,0.000000000000000000e+00,0.000000000000000000e+00,0.000000000000000000e+00
6.100826176553752589e+00,6.100826176553752589e+00,6.100826176553752589e+00,5.604830191013316920e-01,1.280344326187101700e-01,2.503592600643145261e-02,0.000000000000000000e+00
1.827349807358135791e+00,4.252739889912007243e-01,2.503592600643145261e-02,0.000000000000000000e+00,0.000000000000000000e+00,0.000000000000000000e+00,0.000000000000000000e+00
4.806767842244303424e+00,4.806767842244303424e+00,1.865500769127551806e+00,4.982098987273371193e-01,2.083134979641343421e-02,0.000000000000000000e+00,0.000000000000000000e+00
6.194697119511240579e+00,6.194697119511240579e+00,6.117340126323860261e+00,6.096985861172086629e+00,2.558410537239570459e-01,2.558410537239570459e-01,2.503592600643145261e-02
6.386351228822053194e+00,6.386351228822053194e+00,6.100826176553752589e+00,1.066373866614798160e+00,1.066373866614798160e+00,2.085319884290157688e-01,2.503592600643145261e-02
6.096985861172086629e+00,6.096985861172086629e+00,4.081329970915416716e+00,4.081329970915416716e+00,1.592842971143287656e+00,4.252739889912007243e-01,2.503592600643145261e-02
6.936344430473051048e+00,6.936344430473051048e+00,6.096985861172086629e+00,5.604830191013316920e-01,9.495854263700209685e-02,1.164942605811880583e-02,0.000000000000000000e+00
3.642768122391739638e-01,9.495854263700209685e-02,3.291997342552477335e-03,0.000000000000000000e+00,0.000000000000000000e+00,0.000000000000000000e+00,0.000000000000000000e+00
7.128229161302908068e-01,6.673475108916804288e-02,3.291997342552477335e-03,0.000000000000000000e+00,0.000000000000000000e+00,0.000000000000000000e+00,0.000000000000000000e+00
2.503592600643145261e-02,1.806553553576506488e-03,1.806553553576506488e-03,0.000000000000000000e+00,0.000000000000000000e+00,0.000000000000000000e+00,0.000000000000000000e+00
3.809927802538659591e-02,1.806553553576506488e-03,0.000000000000000000e+00,0.000000000000000000e+00,0.000000000000000000e+00,0.000000000000000000e+00,0.000000000000000000e+00
0.000000000000000000e+00,0.000000000000000000e+00,0.000000000000000000e+00,0.000000000000000000e+00,0.000000000000000000e+00,0.000000000000000000e+00,0.000000000000000000e+00
6.166007833542807681e+00,6.166007833542807681e+00,6.098077672889266942e+00,4.906998598340273077e-01,4.906998598340273077e-01,6.673475108916804288e-02,3.291997342552477335e-03
5.729769721579085484e-01,8.741496797796344254e-03,1.806553553576506488e-03,0.000000000000000000e+00,0.000000000000000000e+00,0.000000000000000000e+00,0.000000000000000000e+00
6.567944573133791764e+00,6.567944573133791764e+00,6.567944573133791764e+00,6.100826176553752589e+00,9.720844229299370198e-01,2.085319884290157688e-01,4.341193861359293749e-02
3.639538805440956981e+00,3.639538805440956981e+00,2.148840224825645961e+00,5.729769721579085484e-01,2.083134979641343421e-02,0.000000000000000000e+00,0.000000000000000000e+00
4.556701738798089707e+00,2.602468952430157856e+00,1.266232617534591043e+00,4.252739889912007243e-01,0.000000000000000000e+00,0.000000000000000000e+00,0.000000000000000000e+00
3.291997342552477335e-03,3.291997342552477335e-03,0.000000000000000000e+00,0.000000000000000000e+00,0.000000000000000000e+00,0.000000000000000000e+00,0.000000000000000000e+00
5.866085316818367090e+00,5.866085316818367090e+00,4.207606159364821075e+00,1.730810649952324809e+00,4.982098987273371193e-01,2.083134979641343421e-02,0.000000000000000000e+00
3.025065664785790531e+00,1.827349807358135791e+00,7.952243754083436755e-01,6.673475108916804288e-02,0.000000000000000000e+00,0.000000000000000000e+00,0.000000000000000000e+00
6.103932856577995558e+00,1.659105306275296954e-01,1.164942605811880583e-02,0.000000000000000000e+00,0.000000000000000000e+00,0.000000000000000000e+00,0.000000000000000000e+00
2.085319884290157688e-01,6.673475108916804288e-02,3.291997342552477335e-03,0.000000000000000000e+00,0.000000000000000000e+00,0.000000000000000000e+00,0.000000000000000000e+00
3.809927802538659591e-02,1.806553553576506488e-03,0.000000000000000000e+00,0.000000000000000000e+00,0.000000000000000000e+00,0.000000000000000000e+00,0.000000000000000000e+00
7.854821536727000009e+00,7.380416985990745360e-01,7.380416985990745360e-01,6.056505869543116205e-02,8.741496797796344254e-03,8.741496797796344254e-03,8.741496797796344254e-03
3.809927802538659591e-02,1.806553553576506488e-03,0.000000000000000000e+00,0.000000000000000000e+00,0.000000000000000000e+00,0.000000000000000000e+00,0.000000000000000000e+00
2.297355066806614943e+00,2.297355066806614943e+00,1.600857484823256627e+00,5.729769721579085484e-01,3.809927802538659591e-02,1.806553553576506488e-03,0.000000000000000000e+00
1.371620194533075932e+00,9.720844229299370198e-01,9.495854263700209685e-02,0.000000000000000000e+00,0.000000000000000000e+00,0.000000000000000000e+00,0.000000000000000000e+00
1.280344326187101700e-01,3.291997342552477335e-03,0.000000000000000000e+00,0.000000000000000000e+00,0.000000000000000000e+00,0.000000000000000000e+00,0.000000000000000000e+00
4.603776033235810416e+00,2.297355066806614943e+00,8.282903872817755087e-01,8.824504928722731734e-02,1.806553553576506488e-03,0.000000000000000000e+00,0.000000000000000000e+00
2.740992341646906638e+00,1.164942605811880583e-02,3.291997342552477335e-03,0.000000000000000000e+00,0.000000000000000000e+00,0.000000000000000000e+00,0.000000000000000000e+00
4.982098987273371193e-01,4.982098987273371193e-01,6.056505869543116205e-02,1.806553553576506488e-03,0.000000000000000000e+00,0.000000000000000000e+00,0.000000000000000000e+00
2.202263906826727791e+00,2.202263906826727791e+00,1.708485195952105684e+00,1.280344326187101700e-01,3.291997342552477335e-03,0.000000000000000000e+00,0.000000000000000000e+00
2.466434216156539350e+00,2.466434216156539350e+00,1.949336153707214692e+00,2.085319884290157688e-01,3.291997342552477335e-03,0.000000000000000000e+00,0.000000000000000000e+00
2.004865801112204693e+00,2.004865801112204693e+00,8.282903872817755087e-01,2.026819617664941120e-01,1.806553553576506488e-03,0.000000000000000000e+00,0.000000000000000000e+00
4.603776033235810416e+00,4.603776033235810416e+00,1.600857484823256627e+00,4.286463063633956239e-01,8.741496797796344254e-03,0.000000000000000000e+00,0.000000000000000000e+00
3.809927802538659591e-02,3.809927802538659591e-02,0.000000000000000000e+00,0.000000000000000000e+00,0.000000000000000000e+00,0.000000000000000000e+00,0.000000000000000000e+00
2.004865801112204693e+00,1.475699810193519923e+00,4.982098987273371193e-01,2.083134979641343421e-02,1.806553553576506488e-03,0.000000000000000000e+00,0.000000000000000000e+00
9.236446251058723078e-01,2.026819617664941120e-01,2.083134979641343421e-02,0.000000000000000000e+00,0.000000000000000000e+00,0.000000000000000000e+00,0.000000000000000000e+00
1.164453221939336203e+00,4.906998598340273077e-01,4.341193861359293749e-02,0.000000000000000000e+00,0.000000000000000000e+00,0.000000000000000000e+00,0.000000000000000000e+00
5.012877429161525455e+00,2.558410537239570459e-01,2.558410537239570459e-01,2.503592600643145261e-02,0.000000000000000000e+00,0.000000000000000000e+00,0.000000000000000000e+00
6.166007833542807681e+00,6.166007833542807681e+00,6.166007833542807681e+00,7.128229161302908068e-01,7.128229161302908068e-01,1.280344326187101700e-01,1.164942605811880583e-02
6.182832789531245155e+00,6.182832789531245155e+00,1.371620194533075932e+00,1.371620194533075932e+00,3.077771256877266381e-01,4.341193861359293749e-02,0.000000000000000000e+00
7.245071962084106865e+00,7.245071962084106865e+00,6.097579670842210753e+00,5.604830191013316920e-01,5.604830191013316920e-01,9.495854263700209685e-02,3.291997342552477335e-03
