7.053057763885853149e+00 7.053057763885853149e+00 7.053057763885853149e+00 7.053057763885853149e+00 7.053057763885853149e+00 4.101589347547029973e+00 1.445580968370074437e+00 3.990572471863593762e-01 5.105525152491807717e-02 0.000000000000000000e+00 0.000000000000000000e+00
8.644911907619096780e+00 8.644911907619096780e+00 4.113679846525650774e+00 3.364433464155400344e+00 3.039792793665069937e+00 2.961469676046878163e+00 2.961469676046878163e+00 1.670130132720927030e+00 1.670130132720927030e+00 2.830337412078556270e-01 5.105525152491807717e-02
9.799520952966215503e+00 9.799520952966215503e+00 9.799520952966215503e+00 9.799520952966215503e+00 2.979528097597547109e+00 2.979528097597547109e+00 2.979528097597547109e+00 2.958282511100185808e+00 2.958282511100185808e+00 5.331696034766579828e-01 5.331696034766579828e-01
3.990572471863593762e-01 1.858742186265427421e-01 1.474681116447662532e-02 0.000000000000000000e+00 0.000000000000000000e+00 0.000000000000000000e+00 0.000000000000000000e+00 0.000000000000000000e+00 0.000000000000000000e+00 0.000000000000000000e+00 0.000000000000000000e+00
3.387216864911740011e+00 1.083157945979316139e-01 1.083157945979316139e-01 1.474681116447662532e-02 0.000000000000000000e+00 0.000000000000000000e+00 0.000000000000000000e+00 0.000000000000000000e+00 0.000000000000000000e+00 0.000000000000000000e+00 0.000000000000000000e+00
1.670130132720927030e+00 7.377614007797461682e-03 7.377614007797461682e-03 7.377614007797461682e-03 0.000000000000000000e+00 0.000000000000000000e+00 0.000000000000000000e+00 0.000000000000000000e+00 0.000000000000000000e+00 0.000000000000000000e+00 0.000000000000000000e+00
7.616503870369180085e+00 7.616503870369180085e+00 7.213404920260908071e+00 3.097731588218590737e+00 3.097731588218590737e+00 2.958282511100185808e+00 2.958282511100185808e+00 2.676460529257901122e+00 2.676460529257901122e+00 5.331696034766579828e-01 1.083157945979316139e-01
9.773714523577314850e+00 9.773714523577314850e+00 9.773714523577314850e+00 8.294799173510602586e+00 8.294799173510602586e+00 5.888224711801052003e+00 2.153664810843788580e+00 5.331696034766579828e-01 5.105525152491807717e-02 0.000000000000000000e+00 0.000000000000000000e+00
5.331696034766579828e-01 0.000000000000000000e+00 0.000000000000000000e+00 0.000000000000000000e+00 0.000000000000000000e+00 0.000000000000000000e+00 0.000000000000000000e+00 0.000000000000000000e+00 0.000000000000000000e+00 0.000000000000000000e+00 0.000000000000000000e+00
2.277160912788274594e+00 2.277160912788274594e+00 1.657718567275977328e+00 5.414223518734821994e-01 1.474681116447662532e-02 0.000000000000000000e+00 0.000000000000000000e+00 0.000000000000000000e+00 0.000000000000000000e+00 0.000000000000000000e+00 0.000000000000000000e+00
2.979528097597547109e+00 2.979528097597547109e+00 2.979528097597547109e+00 2.979528097597547109e+00 2.979528097597547109e+00 2.979528097597547109e+00 2.958282511100185808e+00 2.958282511100185808e+00 5.331696034766579828e-01 5.331696034766579828e-01 1.083157945979316139e-01
6.750729398756746491e+00 3.739378872176857271e-02 3.739378872176857271e-02 3.739378872176857271e-02 0.000000000000000000e+00 0.000000000000000000e+00 0.000000000000000000e+00 0.000000000000000000e+00 0.000000000000000000e+00 0.000000000000000000e+00 0.000000000000000000e+00
3.769181167757215789e+00 3.383762008002391575e+00 3.012213171455621286e+00 2.958282511100185808e+00 2.958282511100185808e+00 2.958282511100185808e+00 5.105525152491807717e-02 5.105525152491807717e-02 1.474681116447662532e-02 0.000000000000000000e+00 0.000000000000000000e+00
6.467990723871174019e+00 4.705319330353318286e+00 4.705319330353318286e+00 3.804092109281173251e+00 2.277160912788274594e+00 9.135704447253054639e-01 9.051218025917329157e-02 0.000000000000000000e+00 0.000000000000000000e+00 0.000000000000000000e+00 0.000000000000000000e+00
3.120288667722701526e+00 3.012213171455621286e+00 8.523846900635696500e-01 1.474681116447662532e-02 7.377614007797461682e-03 0.000000000000000000e+00 0.000000000000000000e+00 0.000000000000000000e+00 0.000000000000000000e+00 0.000000000000000000e+00 0.000000000000000000e+00
5.414223518734821994e-01 2.676477470465226105e-01 9.051218025917329157e-02 0.000000000000000000e+00 0.000000000000000000e+00 0.000000000000000000e+00 0.000000000000000000e+00 0.000000000000000000e+00 0.000000000000000000e+00 0.000000000000000000e+00 0.000000000000000000e+00
7.041453334022750532e+00 7.041453334022750532e+00 3.059240919342014919e+00 3.059240919342014919e+00 2.970171263292339603e+00 1.035768983248495090e+00 7.377614007797461682e-03 7.377614007797461682e-03 0.000000000000000000e+00 0.000000000000000000e+00 0.000000000000000000e+00
5.692592977793359488e+00 3.990572471863593762e-01 3.990572471863593762e-01 5.105525152491807717e-02 0.000000000000000000e+00 0.000000000000000000e+00 0.000000000000000000e+00 0.000000000000000000e+00 0.000000000000000000e+00 0.000000000000000000e+00 0.000000000000000000e+00
3.905364063743040681e+00 3.059240919342014919e+00 2.970171263292339603e+00 2.970171263292339603e+00 2.970171263292339603e+00 1.136820505818648464e+00 1.136820505818648464e+00 3.739378872176857271e-02 7.377614007797461682e-03 0.000000000000000000e+00 0.000000000000000000e+00
1.906487325537178812e+00 1.906487325537178812e+00 5.331696034766579828e-01 0.000000000000000000e+00 0.000000000000000000e+00 0.000000000000000000e+00 0.000000000000000000e+00 0.000000000000000000e+00 0.000000000000000000e+00 0.000000000000000000e+00 0.000000000000000000e+00
1.670130132720927030e+00 1.670130132720927030e+00 6.845600542896157492e-01 1.474681116447662532e-02 7.377614007797461682e-03 0.000000000000000000e+00 0.000000000000000000e+00 0.000000000000000000e+00 0.000000000000000000e+00 0.000000000000000000e+00 0.000000000000000000e+00
3.039792793665069937e+00 2.979528097597547109e+00 2.958282511100185808e+00 2.958282511100185808e+00 2.958282511100185808e+00 2.958282511100185808e+00 2.958282511100185808e+00 2.958282511100185808e+00 1.035768983248495090e+00 1.035768983248495090e+00 2.830337412078556270e-01
2.676477470465226105e-01 2.676477470465226105e-01 0.000000000000000000e+00 0.000000000000000000e+00 0.000000000000000000e+00 0.000000000000000000e+00 0.000000000000000000e+00 0.000000000000000000e+00 0.000000000000000000e+00 0.000000000000000000e+00 0.000000000000000000e+00
9.626099073062320599e+00 9.626099073062320599e+00 9.626099073062320599e+00 8.999136316292764448e+00 8.999136316292764448e+00 7.560114030611291724e+00 3.516435174569406463e+00 1.445580968370074437e+00 3.990572471863593762e-01 5.105525152491807717e-02 0.000000000000000000e+00
4.243640871794958080e+00 0.000000000000000000e+00 0.000000000000000000e+00 0.000000000000000000e+00 0.000000000000000000e+00 0.000000000000000000e+00 0.000000000000000000e+00 0.000000000000000000e+00 0.000000000000000000e+00 0.000000000000000000e+00 0.000000000000000000e+00
7.721270032871720090e+00 7.401192131881588310e+00 7.151276444808072341e-01 7.151276444808072341e-01 7.377614007797461682e-03 7.377614007797461682e-03 7.377614007797461682e-03 7.377614007797461682e-03 7.377614007797461682e-03 0.000000000000000000e+00 0.000000000000000000e+00
2.970171263292339603e+00 2.970171263292339603e+00 2.970171263292339603e+00 2.970171263292339603e+00 2.970171263292339603e+00 2.623359617069045413e+00 2.623359617069045413e+00 7.151276444808072341e-01 2.676477470465226105e-01 1.474681116447662532e-02 0.000000000000000000e+00
8.936059507332981156e+00 8.936059507332981156e+00 8.820515161298587259e+00 8.820515161298587259e+00 4.405096966077358900e+00 3.012213171455621286e+00 3.012213171455621286e+00 2.958282511100185808e+00 2.958282511100185808e+00 3.990572471863593762e-01 1.083157945979316139e-01
3.260072186892211121e+00 3.260072186892211121e+00 2.961469676046878163e+00 2.961469676046878163e+00 1.657718567275977328e+00 1.657718567275977328e+00 2.676477470465226105e-01 9.051218025917329157e-02 0.000000000000000000e+00 0.000000000000000000e+00 0.000000000000000000e+00
9.051218025917329157e-02 9.051218025917329157e-02 9.051218025917329157e-02 0.000000000000000000e+00 0.000000000000000000e+00 0.000000000000000000e+00 0.000000000000000000e+00 0.000000000000000000e+00 0.000000000000000000e+00 0.000000000000000000e+00 0.000000000000000000e+00
3.804092109281173251e+00 3.804092109281173251e+00 2.277160912788274594e+00 1.136820505818648464e+00 9.051218025917329157e-02 7.377614007797461682e-03 0.000000000000000000e+00 0.000000000000000000e+00 0.000000000000000000e+00 0.000000000000000000e+00 0.000000000000000000e+00
2.277160912788274594e+00 2.277160912788274594e+00 1.657718567275977328e+00 9.135704447253054639e-01 9.051218025917329157e-02 7.377614007797461682e-03 0.000000000000000000e+00 0.000000000000000000e+00 0.000000000000000000e+00 0.000000000000000000e+00 0.000000000000000000e+00
5.188524059699407331e+00 5.188524059699407331e+00 4.243640871794958080e+00 2.623359617069045413e+00 1.136820505818648464e+00 2.676477470465226105e-01 0.000000000000000000e+00 0.000000000000000000e+00 0.000000000000000000e+00 0.000000000000000000e+00 0.000000000000000000e+00
6.216806446545560583e+00 6.216806446545560583e+00 5.188524059699407331e+00 3.387216864911740011e+00 1.657718567275977328e+00 3.923251263297338198e-01 0.000000000000000000e+00 0.000000000000000000e+00 0.000000000000000000e+00 0.000000000000000000e+00 0.000000000000000000e+00
5.331696034766579828e-01 5.331696034766579828e-01 5.331696034766579828e-01 5.105525152491807717e-02 1.474681116447662532e-02 0.000000000000000000e+00 0.000000000000000000e+00 0.000000000000000000e+00 0.000000000000000000e+00 0.000000000000000000e+00 0.000000000000000000e+00
3.383762008002391575e+00 2.958282511100185808e+00 2.958282511100185808e+00 2.958282511100185808e+00 2.958282511100185808e+00 2.958282511100185808e+00 2.958282511100185808e+00 2.958282511100185808e+00 5.331696034766579828e-01 5.331696034766579828e-01 1.083157945979316139e-01
4.307607654218246651e+00 3.769181167757215789e+00 2.997300189512769997e+00 2.997300189512769997e+00 2.997300189512769997e+00 2.997300189512769997e+00 2.997300189512769997e+00 2.997300189512769997e+00 5.331696034766579828e-01 5.105525152491807717e-02 1.474681116447662532e-02
2.830337412078556270e-01 2.830337412078556270e-01 5.105525152491807717e-02 0.000000000000000000e+00 0.000000000000000000e+00 0.000000000000000000e+00 0.000000000000000000e+00 0.000000000000000000e+00 0.000000000000000000e+00 0.000000000000000000e+00 0.000000000000000000e+00
4.705319330353318286e+00 2.676477470465226105e-01 5.105525152491807717e-02 0.000000000000000000e+00 0.000000000000000000e+00 0.000000000000000000e+00 0.000000000000000000e+00 0.000000000000000000e+00 0.000000000000000000e+00 0.000000000000000000e+00 0.000000000000000000e+00
7.322508372699067181e+00 7.322508372699067181e+00 1.670130132720927030e+00 1.670130132720927030e+00 3.990572471863593762e-01 5.105525152491807717e-02 0.000000000000000000e+00 0.000000000000000000e+00 0.000000000000000000e+00 0.000000000000000000e+00 0.000000000000000000e+00
9.303873681728138223e+00 9.303873681728138223e+00 9.303873681728138223e+00 9.303873681728138223e+00 4.101589347547029973e+00 1.670130132720927030e+00 5.331696034766579828e-01 5.105525152491807717e-02 0.000000000000000000e+00 0.000000000000000000e+00 0.000000000000000000e+00
6.036117269527438545e+00 6.036117269527438545e+00 5.480304747297521928e+00 3.769181167757215789e+00 2.979528097597547109e+00 2.979528097597547109e+00 2.979528097597547109e+00 2.958282511100185808e+00 2.958282511100185808e+00 2.830337412078556270e-01 2.830337412078556270e-01
3.282964820301205400e+00 3.282964820301205400e+00 3.282964820301205400e+00 3.039792793665069937e+00 1.858742186265427421e-01 1.858742186265427421e-01 0.000000000000000000e+00 0.000000000000000000e+00 0.000000000000000000e+00 0.000000000000000000e+00 0.000000000000000000e+00
3.484160174108865249e+00 3.059240919342014919e+00 0.000000000000000000e+00 0.000000000000000000e+00 0.000000000000000000e+00 0.000000000000000000e+00 0.000000000000000000e+00 0.000000000000000000e+00 0.000000000000000000e+00 0.000000000000000000e+00 0.000000000000000000e+00
4.062619763535141537e+00 4.062619763535141537e+00 2.979528097597547109e+00 2.979528097597547109e+00 2.979528097597547109e+00 2.979528097597547109e+00 2.153664810843788580e+00 2.153664810843788580e+00 6.845600542896157492e-01 1.083157945979316139e-01 0.000000000000000000e+00
1.657718567275977328e+00 1.657718567275977328e+00 1.136820505818648464e+00 5.414223518734821994e-01 7.377614007797461682e-03 7.377614007797461682e-03 0.000000000000000000e+00 0.000000000000000000e+00 0.000000000000000000e+00 0.000000000000000000e+00 0.000000000000000000e+00
1.671442627133075121e-01 1.671442627133075121e-01 0.000000000000000000e+00 0.000000000000000000e+00 0.000000000000000000e+00 0.000000000000000000e+00 0.000000000000000000e+00 0.000000000000000000e+00 0.000000000000000000e+00 0.000000000000000000e+00 0.000000000000000000e+00
2.961469676046878163e+00 2.961469676046878163e+00 2.961469676046878163e+00 1.083157945979316139e-01 1.083157945979316139e-01 1.474681116447662532e-02 0.000000000000000000e+00 0.000000000000000000e+00 0.000000000000000000e+00 0.000000000000000000e+00 0.000000000000000000e+00
3.807182176013722774e+00 1.906487325537178812e+00 2.830337412078556270e-01 7.377614007797461682e-03 0.000000000000000000e+00 0.000000000000000000e+00 0.000000000000000000e+00 0.000000000000000000e+00 0.000000000000000000e+00 0.000000000000000000e+00 0.000000000000000000e+00
3.739378872176857271e-02 3.739378872176857271e-02 0.000000000000000000e+00 0.000000000000000000e+00 0.000000000000000000e+00 0.000000000000000000e+00 0.000000000000000000e+00 0.000000000000000000e+00 0.000000000000000000e+00 0.000000000000000000e+00 0.000000000000000000e+00
6.717679279182650731e+00 6.717679279182650731e+00 4.405096966077358900e+00 3.012213171455621286e+00 2.958282511100185808e+00 2.958282511100185808e+00 2.958282511100185808e+00 2.830337412078556270e-01 2.830337412078556270e-01 5.105525152491807717e-02 0.000000000000000000e+00
9.902026774999820091e+00 3.059240919342014919e+00 3.059240919342014919e+00 3.039792793665069937e+00 2.958282511100185808e+00 2.958282511100185808e+00 2.958282511100185808e+00 1.670130132720927030e+00 1.670130132720927030e+00 3.990572471863593762e-01 5.105525152491807717e-02
3.059240919342014919e+00 3.059240919342014919e+00 3.059240919342014919e+00 2.958282511100185808e+00 2.958282511100185808e+00 6.845600542896157492e-01 3.739378872176857271e-02 3.739378872176857271e-02 0.000000000000000000e+00 0.000000000000000000e+00 0.000000000000000000e+00
2.676477470465226105e-01 2.676477470465226105e-01 1.474681116447662532e-02 7.377614007797461682e-03 7.377614007797461682e-03 0.000000000000000000e+00 0.000000000000000000e+00 0.000000000000000000e+00 0.000000000000000000e+00 0.000000000000000000e+00 0.000000000000000000e+00
3.383762008002391575e+00 2.979528097597547109e+00 2.979528097597547109e+00 2.979528097597547109e+00 1.384887132282009325e+00 5.414223518734821994e-01 0.000000000000000000e+00 0.000000000000000000e+00 0.000000000000000000e+00 0.000000000000000000e+00 0.000000000000000000e+00
1.955201531074092891e+00 1.955201531074092891e+00 1.384887132282009325e+00 7.151276444808072341e-01 3.739378872176857271e-02 7.377614007797461682e-03 0.000000000000000000e+00 0.000000000000000000e+00 0.000000000000000000e+00 0.000000000000000000e+00 0.000000000000000000e+00
5.593002595868802551e+00 5.593002595868802551e+00 3.230377952150837118e+00 1.233810383955847634e+00 1.858742186265427421e-01 1.474681116447662532e-02 0.000000000000000000e+00 0.000000000000000000e+00 0.000000000000000000e+00 0.000000000000000000e+00 0.000000000000000000e+00
7.032605911531446985e+00 7.032605911531446985e+00 7.032605911531446985e+00 7.032605911531446985e+00 7.032605911531446985e+00 4.062619763535141537e+00 3.059240919342014919e+00 2.958282511100185808e+00 8.523846900635696500e-01 8.523846900635696500e-01 1.858742186265427421e-01
4.588994679206134464e+00 3.059240919342014919e+00 2.997300189512769997e+00 2.958282511100185808e+00 2.958282511100185808e+00 2.958282511100185808e+00 2.958282511100185808e+00 2.958282511100185808e+00 1.035768983248495090e+00 1.035768983248495090e+00 2.830337412078556270e-01
2.830337412078556270e-01 2.830337412078556270e-01 1.474681116447662532e-02 0.000000000000000000e+00 0.000000000000000000e+00 0.000000000000000000e+00 0.000000000000000000e+00 0.000000000000000000e+00 0.000000000000000000e+00 0.000000000000000000e+00 0.000000000000000000e+00
7.902281800416951718e+00 4.398632230663079845e+00 4.398632230663079845e+00 1.445580968370074437e+00 2.830337412078556270e-01 1.474681116447662532e-02 0.000000000000000000e+00 0.000000000000000000e+00 0.000000000000000000e+00 0.000000000000000000e+00 0.000000000000000000e+00
8.223586426631301904e+00 8.223586426631301904e+00 8.223586426631301904e+00 8.223586426631301904e+00 3.097731588218590737e+00 3.097731588218590737e+00 2.979528097597547109e+00 2.958282511100185808e+00 8.523846900635696500e-01 8.523846900635696500e-01 1.858742186265427421e-01
7.322508372699067181e+00 7.322508372699067181e+00 7.322508372699067181e+00 6.760388525005176064e+00 3.804092109281173251e+00 1.657718567275977328e+00 5.414223518734821994e-01 0.000000000000000000e+00 0.000000000000000000e+00 0.000000000000000000e+00 0.000000000000000000e+00
7.074647141811771789e+00 7.074647141811771789e+00 7.074647141811771789e+00 7.074647141811771789e+00 7.074647141811771789e+00 2.153664810843788580e+00 6.845600542896157492e-01 1.858742186265427421e-01 1.474681116447662532e-02 0.000000000000000000e+00 0.000000000000000000e+00
7.031761966278551768e+00 7.031761966278551768e+00 7.031761966278551768e+00 6.036117269527438545e+00 3.039792793665069937e+00 3.039792793665069937e+00 2.961469676046878163e+00 2.961469676046878163e+00 1.233810383955847634e+00 1.233810383955847634e+00 2.830337412078556270e-01
7.053057763885853149e+00 3.905364063743040681e+00 2.958282511100185808e+00 2.958282511100185808e+00 2.958282511100185808e+00 2.958282511100185808e+00 2.958282511100185808e+00 2.958282511100185808e+00 1.233810383955847634e+00 1.233810383955847634e+00 2.830337412078556270e-01
7.031761966278551768e+00 7.031761966278551768e+00 7.031761966278551768e+00 7.031761966278551768e+00 4.972200798503681796e+00 2.970171263292339603e+00 2.970171263292339603e+00 2.961469676046878163e+00 2.958282511100185808e+00 6.845600542896157492e-01 6.845600542896157492e-01
9.756752818284992301e+00 9.756752818284992301e+00 9.756752818284992301e+00 9.756752818284992301e+00 8.294799173510602586e+00 3.230377952150837118e+00 1.035768983248495090e+00 1.858742186265427421e-01 1.474681116447662532e-02 0.000000000000000000e+00 0.000000000000000000e+00
6.949846032460748724e+00 3.769181167757215789e+00 2.961469676046878163e+00 2.961469676046878163e+00 2.961469676046878163e+00 2.961469676046878163e+00 2.961469676046878163e+00 2.961469676046878163e+00 2.958282511100185808e+00 5.331696034766579828e-01 5.331696034766579828e-01
7.540771892632895934e+00 7.213404920260908071e+00 7.213404920260908071e+00 7.213404920260908071e+00 7.213404920260908071e+00 7.031761966278551768e+00 2.410660454925301899e+00 1.035768983248495090e+00 2.830337412078556270e-01 1.474681116447662532e-02 0.000000000000000000e+00
4.780410077175787364e+00 4.780410077175787364e+00 3.383762008002391575e+00 3.012213171455621286e+00 1.474681116447662532e-02 1.474681116447662532e-02 1.474681116447662532e-02 0.000000000000000000e+00 0.000000000000000000e+00 0.000000000000000000e+00 0.000000000000000000e+00
7.540771892632895934e+00 7.540771892632895934e+00 7.540771892632895934e+00 3.496918859238202337e+00 3.496918859238202337e+00 3.496918859238202337e+00 2.961469676046878163e+00 2.961469676046878163e+00 2.958282511100185808e+00 6.845600542896157492e-01 6.845600542896157492e-01
1.233810383955847634e+00 1.233810383955847634e+00 1.233810383955847634e+00 3.990572471863593762e-01 5.105525152491807717e-02 0.000000000000000000e+00 0.000000000000000000e+00 0.000000000000000000e+00 0.000000000000000000e+00 0.000000000000000000e+00 0.000000000000000000e+00
3.496918859238202337e+00 3.194995834239352739e+00 2.277160912788274594e+00 1.136820505818648464e+00 1.671442627133075121e-01 3.739378872176857271e-02 0.000000000000000000e+00 0.000000000000000000e+00 0.000000000000000000e+00 0.000000000000000000e+00 0.000000000000000000e+00
3.807182176013722774e+00 2.950042522212693363e+00 1.670130132720927030e+00 3.739378872176857271e-02 0.000000000000000000e+00 0.000000000000000000e+00 0.000000000000000000e+00 0.000000000000000000e+00 0.000000000000000000e+00 0.000000000000000000e+00 0.000000000000000000e+00
0.000000000000000000e+00 0.000000000000000000e+00 0.000000000000000000e+00 0.000000000000000000e+00 0.000000000000000000e+00 0.000000000000000000e+00 0.000000000000000000e+00 0.000000000000000000e+00 0.000000000000000000e+00 0.000000000000000000e+00 0.000000000000000000e+00
2.993498567112817810e+00 1.657718567275977328e+00 5.414223518734821994e-01 0.000000000000000000e+00 0.000000000000000000e+00 0.000000000000000000e+00 0.000000000000000000e+00 0.000000000000000000e+00 0.000000000000000000e+00 0.000000000000000000e+00 0.000000000000000000e+00
8.599669731664182137e+00 4.737238819001668766e+00 3.097731588218590737e+00 3.097731588218590737e+00 2.958282511100185808e+00 2.958282511100185808e+00 2.958282511100185808e+00 2.958282511100185808e+00 2.676460529257901122e+00 2.676460529257901122e+00 6.845600542896157492e-01
7.695711634050829808e+00 7.058540899603331198e+00 7.058540899603331198e+00 7.058540899603331198e+00 3.120288667722701526e+00 3.120288667722701526e+00 2.958282511100185808e+00 1.233810383955847634e+00 1.233810383955847634e+00 2.830337412078556270e-01 5.105525152491807717e-02
4.996569276452730968e+00 4.101589347547029973e+00 1.906487325537178812e+00 3.739378872176857271e-02 7.377614007797461682e-03 0.000000000000000000e+00 0.000000000000000000e+00 0.000000000000000000e+00 0.000000000000000000e+00 0.000000000000000000e+00 0.000000000000000000e+00
1.005523016537592262e+01 7.863093785989075712e+00 7.863093785989075712e+00 6.942341357046842631e+00 6.942341357046842631e+00 3.194995834239352739e+00 2.997300189512769997e+00 2.958282511100185808e+00 1.657718567275977328e+00 1.657718567275977328e+00 7.377614007797461682e-03
9.756752818284992301e+00 9.756752818284992301e+00 9.756752818284992301e+00 9.756752818284992301e+00 6.180192510818764084e+00 2.676460529257901122e+00 8.523846900635696500e-01 1.083157945979316139e-01 0.000000000000000000e+00 0.000000000000000000e+00 0.000000000000000000e+00
3.230377952150837118e+00 3.230377952150837118e+00 1.670130132720927030e+00 1.858742186265427421e-01 7.377614007797461682e-03 0.000000000000000000e+00 0.000000000000000000e+00 0.000000000000000000e+00 0.000000000000000000e+00 0.000000000000000000e+00 0.000000000000000000e+00
3.364433464155400344e+00 3.364433464155400344e+00 2.979528097597547109e+00 2.958282511100185808e+00 2.958282511100185808e+00 2.958282511100185808e+00 2.153664810843788580e+00 2.153664810843788580e+00 6.845600542896157492e-01 1.083157945979316139e-01 0.000000000000000000e+00
1.657718567275977328e+00 9.051218025917329157e-02 1.474681116447662532e-02 0.000000000000000000e+00 0.000000000000000000e+00 0.000000000000000000e+00 0.000000000000000000e+00 0.000000000000000000e+00 0.000000000000000000e+00 0.000000000000000000e+00 0.000000000000000000e+00
3.990572471863593762e-01 3.990572471863593762e-01 5.105525152491807717e-02 1.474681116447662532e-02 0.000000000000000000e+00 0.000000000000000000e+00 0.000000000000000000e+00 0.000000000000000000e+00 0.000000000000000000e+00 0.000000000000000000e+00 0.000000000000000000e+00
2.410660454925301899e+00 2.410660454925301899e+00 2.410660454925301899e+00 8.523846900635696500e-01 1.083157945979316139e-01 0.000000000000000000e+00 0.000000000000000000e+00 0.000000000000000000e+00 0.000000000000000000e+00 0.000000000000000000e+00 0.000000000000000000e+00
4.113679846525650774e+00 2.970171263292339603e+00 2.970171263292339603e+00 2.970171263292339603e+00 9.135704447253054639e-01 9.135704447253054639e-01 7.377614007797461682e-03 7.377614007797461682e-03 0.000000000000000000e+00 0.000000000000000000e+00 0.000000000000000000e+00
3.990572471863593762e-01 3.990572471863593762e-01 3.990572471863593762e-01 1.474681116447662532e-02 0.000000000000000000e+00 0.000000000000000000e+00 0.000000000000000000e+00 0.000000000000000000e+00 0.000000000000000000e+00 0.000000000000000000e+00 0.000000000000000000e+00
1.083157945979316139e-01 1.083157945979316139e-01 1.083157945979316139e-01 0.000000000000000000e+00 0.000000000000000000e+00 0.000000000000000000e+00 0.000000000000000000e+00 0.000000000000000000e+00 0.000000000000000000e+00 0.000000000000000000e+00 0.000000000000000000e+00
3.807182176013722774e+00 3.807182176013722774e+00 1.906487325537178812e+00 5.331696034766579828e-01 7.377614007797461682e-03 0.000000000000000000e+00 0.000000000000000000e+00 0.000000000000000000e+00 0.000000000000000000e+00 0.000000000000000000e+00 0.000000000000000000e+00
3.990572471863593762e-01 3.923251263297338198e-01 0.000000000000000000e+00 0.000000000000000000e+00 0.000000000000000000e+00 0.000000000000000000e+00 0.000000000000000000e+00 0.000000000000000000e+00 0.000000000000000000e+00 0.000000000000000000e+00 0.000000000000000000e+00
7.058540899603331198e+00 7.058540899603331198e+00 7.058540899603331198e+00 7.058540899603331198e+00 2.970171263292339603e+00 2.970171263292339603e+00 2.970171263292339603e+00 2.961469676046878163e+00 2.958282511100185808e+00 5.331696034766579828e-01 5.331696034766579828e-01
3.807182176013722774e+00 5.331696034766579828e-01 5.105525152491807717e-02 1.474681116447662532e-02 0.000000000000000000e+00 0.000000000000000000e+00 0.000000000000000000e+00 0.000000000000000000e+00 0.000000000000000000e+00 0.000000000000000000e+00 0.000000000000000000e+00
1.233810383955847634e+00 1.083157945979316139e-01 3.739378872176857271e-02 0.000000000000000000e+00 0.000000000000000000e+00 0.000000000000000000e+00 0.000000000000000000e+00 0.000000000000000000e+00 0.000000000000000000e+00 0.000000000000000000e+00 0.000000000000000000e+00
2.997300189512769997e+00 2.997300189512769997e+00 2.997300189512769997e+00 2.958282511100185808e+00 2.958282511100185808e+00 2.958282511100185808e+00 2.958282511100185808e+00 1.670130132720927030e+00 1.670130132720927030e+00 3.990572471863593762e-01 5.105525152491807717e-02
1.858742186265427421e-01 1.858742186265427421e-01 1.858742186265427421e-01 1.474681116447662532e-02 0.000000000000000000e+00 0.000000000000000000e+00 0.000000000000000000e+00 0.000000000000000000e+00 0.000000000000000000e+00 0.000000000000000000e+00 0.000000000000000000e+00
7.695711634050829808e+00 7.695711634050829808e+00 7.695711634050829808e+00 7.695711634050829808e+00 7.038668615252210436e+00 3.516435174569406463e+00 1.445580968370074437e+00 3.990572471863593762e-01 5.105525152491807717e-02 0.000000000000000000e+00 0.000000000000000000e+00
8.970450450857397229e+00 8.970450450857397229e+00 8.970450450857397229e+00 8.440056289021899971e+00 7.814296512656661697e+00 3.171157966702071285e+00 3.171157966702071285e+00 2.961469676046878163e+00 2.958282511100185808e+00 5.331696034766579828e-01 1.083157945979316139e-01
7.424921022801995285e+00 7.424921022801995285e+00 7.424921022801995285e+00 7.424921022801995285e+00 6.180192510818764084e+00 1.906487325537178812e+00 5.331696034766579828e-01 1.083157945979316139e-01 1.474681116447662532e-02 0.000000000000000000e+00 0.000000000000000000e+00
