9.802133421434355398e+00 1.987621375088016507e+00 1.910031208910947242e-01 1.910031208910947242e-01 0.000000000000000000e+00 0.000000000000000000e+00 0.000000000000000000e+00
1.732194862447578032e-03 0.000000000000000000e+00 0.000000000000000000e+00 0.000000000000000000e+00 0.000000000000000000e+00 0.000000000000000000e+00 0.000000000000000000e+00
1.756485684311401840e-01 0.000000000000000000e+00 0.000000000000000000e+00 0.000000000000000000e+00 0.000000000000000000e+00 0.000000000000000000e+00 0.000000000000000000e+00
1.218809265849178480e+00 2.666882169845230521e-03 2.666882169845230521e-03 0.000000000000000000e+00 0.000000000000000000e+00 0.000000000000000000e+00 0.000000000000000000e+00
4.459762696183862118e-01 4.459762696183862118e-01 1.500500145324545898e-03 1.500500145324545898e-03 0.000000000000000000e+00 0.000000000000000000e+00 0.000000000000000000e+00
2.627391067271540592e-01 2.627391067271540592e-01 0.000000000000000000e+00 0.000000000000000000e+00 0.000000000000000000e+00 0.000000000000000000e+00 0.000000000000000000e+00
8.332064504441385466e-01 8.332064504441385466e-01 0.000000000000000000e+00 0.000000000000000000e+00 0.000000000000000000e+00 0.000000000000000000e+00 0.000000000000000000e+00
4.106830492123629384e+00 2.259805957985606462e+00 6.552081674078280571e-03 0.000000000000000000e+00 0.000000000000000000e+00 0.000000000000000000e+00 0.000000000000000000e+00
5.874806733137010184e-01 1.007171079546509418e-03 0.000000000000000000e+00 0.000000000000000000e+00 0.000000000000000000e+00 0.000000000000000000e+00 0.000000000000000000e+00
5.513488496591352650e+00 3.729807040278654284e-01 0.000000000000000000e+00 0.000000000000000000e+00 0.000000000000000000e+00 0.000000000000000000e+00 0.000000000000000000e+00
2.007126389623163476e+00 0.000000000000000000e+00 0.000000000000000000e+00 0.000000000000000000e+00 0.000000000000000000e+00 0.000000000000000000e+00 0.000000000000000000e+00
1.504666590931060366e+00 5.019352790903597317e-01 7.447763904349979924e-03 0.000000000000000000e+00 0.000000000000000000e+00 0.000000000000000000e+00 0.000000000000000000e+00
1.570395988424477807e-01 1.570395988424477807e-01 0.000000000000000000e+00 0.000000000000000000e+00 0.000000000000000000e+00 0.000000000000000000e+00 0.000000000000000000e+00
3.003035067291936588e+00 6.005253723752712602e-03 0.000000000000000000e+00 0.000000000000000000e+00 0.000000000000000000e+00 0.000000000000000000e+00 0.000000000000000000e+00
9.812813118078156371e-02 9.812813118078156371e-02 9.812813118078156371e-02 1.220919122255637035e-04 0.000000000000000000e+00 0.000000000000000000e+00 0.000000000000000000e+00
2.429991481712278301e+00 3.523738517294328076e-01 1.421425355189853690e-03 0.000000000000000000e+00 0.000000000000000000e+00 0.000000000000000000e+00 0.000000000000000000e+00
5.431746868881551116e+00 2.219923666949599195e+00 2.034327497641987836e+00 2.407126339716778030e-01 3.012594039243365884e-03 3.012594039243365884e-03 0.000000000000000000e+00
1.313414036051582912e+00 6.898064831711003819e-02 2.594707279501839992e-03 0.000000000000000000e+00 0.000000000000000000e+00 0.000000000000000000e+00 0.000000000000000000e+00
4.042444153262463313e-01 2.284774091054808665e-02 2.284774091054808665e-02 2.284774091054808665e-02 2.284774091054808665e-02 2.284774091054808665e-02 2.284774091054808665e-02
1.716485515553129559e+00 5.394072477180333891e-02 5.394072477180333891e-02 0.000000000000000000e+00 0.000000000000000000e+00 0.000000000000000000e+00 0.000000000000000000e+00
1.927525745969234094e-01 0.000000000000000000e+00 0.000000000000000000e+00 0.000000000000000000e+00 0.000000000000000000e+00 0.000000000000000000e+00 0.000000000000000000e+00
1.187428794975644575e-01 1.187428794975644575e-01 1.187428794975644575e-01 0.000000000000000000e+00 0.000000000000000000e+00 0.000000000000000000e+00 0.000000000000000000e+00
1.723006489767026750e+00 3.940943870957269723e-02 3.940943870957269723e-02 0.000000000000000000e+00 0.000000000000000000e+00 0.000000000000000000e+00 0.000000000000000000e+00
1.368667281080347742e+00 0.000000000000000000e+00 0.000000000000000000e+00 0.000000000000000000e+00 0.000000000000000000e+00 0.000000000000000000e+00 0.000000000000000000e+00
4.236378892356293946e+00 4.236378892356293946e+00 1.343799240297949282e+00 9.446268285824288569e-03 0.000000000000000000e+00 0.000000000000000000e+00 0.000000000000000000e+00
3.794115666955200084e-03 0.000000000000000000e+00 0.000000000000000000e+00 0.000000000000000000e+00 0.000000000000000000e+00 0.000000000000000000e+00 0.000000000000000000e+00
1.074210210932089904e+00 1.365301578017952266e-04 1.365301578017952266e-04 0.000000000000000000e+00 0.000000000000000000e+00 0.000000000000000000e+00 0.000000000000000000e+00
9.921853825941795435e-02 3.549157312451223234e-02 3.549157312451223234e-02 0.000000000000000000e+00 0.000000000000000000e+00 0.000000000000000000e+00 0.000000000000000000e+00
2.265662480787258737e+00 1.392524796102634355e-03 1.392524796102634355e-03 0.000000000000000000e+00 0.000000000000000000e+00 0.000000000000000000e+00 0.000000000000000000e+00
3.363554964181295404e+00 1.476446183025679204e-01 1.476446183025679204e-01 0.000000000000000000e+00 0.000000000000000000e+00 0.000000000000000000e+00 0.000000000000000000e+00
7.588026985497377197e+00 2.105938366936715767e+00 1.235861747013622391e-02 1.235861747013622391e-02 0.000000000000000000e+00 0.000000000000000000e+00 0.000000000000000000e+00
5.543184254722781645e-01 1.354242303530739377e-02 1.354242303530739377e-02 0.000000000000000000e+00 0.000000000000000000e+00 0.000000000000000000e+00 0.000000000000000000e+00
7.522298483267166880e-01 9.461427498638386169e-02 9.461427498638386169e-02 3.009684155248493198e-04 3.009684155248493198e-04 0.000000000000000000e+00 0.000000000000000000e+00
3.118984405912090807e-01 1.127076703754781306e-03 0.000000000000000000e+00 0.000000000000000000e+00 0.000000000000000000e+00 0.000000000000000000e+00 0.000000000000000000e+00
7.890961738648893942e-02 1.040072225596322397e-03 1.040072225596322397e-03 0.000000000000000000e+00 0.000000000000000000e+00 0.000000000000000000e+00 0.000000000000000000e+00
0.000000000000000000e+00 0.000000000000000000e+00 0.000000000000000000e+00 0.000000000000000000e+00 0.000000000000000000e+00 0.000000000000000000e+00 0.000000000000000000e+00
2.217081075696926362e+00 2.217081075696926362e+00 1.343510694818967899e-01 3.614344471610353438e-03 3.614344471610353438e-03 0.000000000000000000e+00 0.000000000000000000e+00
4.014018081611865796e+00 2.425269226832478253e-01 3.809820202951286205e-04 0.000000000000000000e+00 0.000000000000000000e+00 0.000000000000000000e+00 0.000000000000000000e+00
4.728551223034322959e-01 3.364024707468438180e-03 3.364024707468438180e-03 0.000000000000000000e+00 0.000000000000000000e+00 0.000000000000000000e+00 0.000000000000000000e+00
2.282117358499230697e+00 2.282117358499230697e+00 1.153696288315027019e-01 2.295027849776865025e-03 2.295027849776865025e-03 0.000000000000000000e+00 0.000000000000000000e+00
4.968966652957337971e+00 6.245039526938001018e-03 6.245039526938001018e-03 0.000000000000000000e+00 0.000000000000000000e+00 0.000000000000000000e+00 0.000000000000000000e+00
2.982221500216755139e-01 2.982221500216755139e-01 2.982221500216755139e-01 2.982221500216755139e-01 2.982221500216755139e-01 0.000000000000000000e+00 0.000000000000000000e+00
1.486676626099529663e+00 4.271396503838214009e-01 3.370790777622274526e-01 3.370790777622274526e-01 3.370790777622274526e-01 3.814926046342037580e-03 0.000000000000000000e+00
3.904039976699920089e-01 9.008216701014148953e-04 9.008216701014148953e-04 9.008216701014148953e-04 0.000000000000000000e+00 0.000000000000000000e+00 0.000000000000000000e+00
1.695418718969560423e+00 4.008157794480800007e-01 6.533453093413932322e-02 6.533453093413932322e-02 0.000000000000000000e+00 0.000000000000000000e+00 0.000000000000000000e+00
1.869920159342138177e+00 1.869920159342138177e+00 1.415285956963001190e+00 4.231732755282990865e-02 0.000000000000000000e+00 0.000000000000000000e+00 0.000000000000000000e+00
7.885212758690354207e-01 7.885212758690354207e-01 1.226294884659751006e-05 1.226294884659751006e-05 1.226294884659751006e-05 1.226294884659751006e-05 1.226294884659751006e-05
1.106052725218953370e-02 5.389509563299199613e-03 5.389509563299199613e-03 0.000000000000000000e+00 0.000000000000000000e+00 0.000000000000000000e+00 0.000000000000000000e+00
1.836350505800036670e+00 1.323997211381425121e+00 1.323997211381425121e+00 5.844285594897247194e-02 5.844285594897247194e-02 0.000000000000000000e+00 0.000000000000000000e+00
2.720493584089354044e+00 2.720493584089354044e+00 2.720493584089354044e+00 2.720493584089354044e+00 2.720493584089354044e+00 2.716516028838356078e-02 2.716516028838356078e-02
8.727495612344169373e-01 1.024476682634745117e-02 0.000000000000000000e+00 0.000000000000000000e+00 0.000000000000000000e+00 0.000000000000000000e+00 0.000000000000000000e+00
1.824418391267906170e+00 1.824418391267906170e+00 6.127426756989562406e-02 0.000000000000000000e+00 0.000000000000000000e+00 0.000000000000000000e+00 0.000000000000000000e+00
1.361649284066517307e+00 1.610300320470336999e-02 1.610300320470336999e-02 0.000000000000000000e+00 0.000000000000000000e+00 0.000000000000000000e+00 0.000000000000000000e+00
4.193693537258553761e-01 0.000000000000000000e+00 0.000000000000000000e+00 0.000000000000000000e+00 0.000000000000000000e+00 0.000000000000000000e+00 0.000000000000000000e+00
1.356506659884111343e-01 1.356506659884111343e-01 1.028835624156343442e-03 0.000000000000000000e+00 0.000000000000000000e+00 0.000000000000000000e+00 0.000000000000000000e+00
3.307592772825884708e-03 3.307592772825884708e-03 8.930245749994014659e-06 8.930245749994014659e-06 8.930245749994014659e-06 8.930245749994014659e-06 8.930245749994014659e-06
5.566570327842368826e+00 2.139746293703321811e-01 1.642122464556594608e-01 0.000000000000000000e+00 0.000000000000000000e+00 0.000000000000000000e+00 0.000000000000000000e+00
1.362933899504348290e-02 0.000000000000000000e+00 0.000000000000000000e+00 0.000000000000000000e+00 0.000000000000000000e+00 0.000000000000000000e+00 0.000000000000000000e+00
4.569359895141316130e-01 0.000000000000000000e+00 0.000000000000000000e+00 0.000000000000000000e+00 0.000000000000000000e+00 0.000000000000000000e+00 0.000000000000000000e+00
5.166453382798527727e+00 1.799781933962692371e+00 1.943433200500912506e-01 6.978838545301790930e-03 0.000000000000000000e+00 0.000000000000000000e+00 0.000000000000000000e+00
1.867358959552319675e+00 1.867358959552319675e+00 3.084343093591179752e-02 0.000000000000000000e+00 0.000000000000000000e+00 0.000000000000000000e+00 0.000000000000000000e+00
7.591494286980067230e-01 4.203295469516208360e-01 4.203295469516208360e-01 3.347173416063247142e-01 0.000000000000000000e+00 0.000000000000000000e+00 0.000000000000000000e+00
8.161250139269815573e-01 1.563767367247220763e-01 1.131167368691894243e-01 1.658215623219462531e-02 1.658215623219462531e-02 0.000000000000000000e+00 0.000000000000000000e+00
3.483501847205596746e-01 3.483501847205596746e-01 3.483501847205596746e-01 3.483501847205596746e-01 3.483501847205596746e-01 0.000000000000000000e+00 0.000000000000000000e+00
3.416500956970307534e+00 5.143789593297842799e-02 5.143789593297842799e-02 0.000000000000000000e+00 0.000000000000000000e+00 0.000000000000000000e+00 0.000000000000000000e+00
3.256507810257640578e-01 4.936101723586805434e-02 4.936101723586805434e-02 1.686562126740698275e-02 5.938424206619608015e-04 0.000000000000000000e+00 0.000000000000000000e+00
1.021448935390560919e+00 4.393900338814482609e-03 4.393900338814482609e-03 0.000000000000000000e+00 0.000000000000000000e+00 0.000000000000000000e+00 0.000000000000000000e+00
1.143843265561312439e+00 3.535585541015353606e-01 3.535585541015353606e-01 0.000000000000000000e+00 0.000000000000000000e+00 0.000000000000000000e+00 0.000000000000000000e+00
9.416955047841785165e-01 9.416955047841785165e-01 9.416955047841785165e-01 5.111183822933655918e-01 4.888985038316079335e-01 1.316937039657717357e-02 0.000000000000000000e+00
2.278863903248173894e+00 2.278863903248173894e+00 1.224961180658181270e+00 4.439494615762651364e-02 1.556117743965579336e-03 1.556117743965579336e-03 0.000000000000000000e+00
1.177454216474212778e+00 1.177454216474212778e+00 0.000000000000000000e+00 0.000000000000000000e+00 0.000000000000000000e+00 0.000000000000000000e+00 0.000000000000000000e+00
1.577076807700757977e+00 2.888781329803082887e-01 2.888781329803082887e-01 2.888781329803082887e-01 2.737306943431994100e-03 2.737306943431994100e-03 7.542419894313034945e-06
3.301028719767975517e-01 3.301028719767975517e-01 0.000000000000000000e+00 0.000000000000000000e+00 0.000000000000000000e+00 0.000000000000000000e+00 0.000000000000000000e+00
2.000351982891761971e+00 1.447627424755104641e-02 0.000000000000000000e+00 0.000000000000000000e+00 0.000000000000000000e+00 0.000000000000000000e+00 0.000000000000000000e+00
5.149263014531171301e-01 5.149263014531171301e-01 5.149263014531171301e-01 5.149263014531171301e-01 1.287332159007128496e-01 1.287332159007128496e-01 0.000000000000000000e+00
1.047927484280521959e+00 1.758679512742569173e-01 0.000000000000000000e+00 0.000000000000000000e+00 0.000000000000000000e+00 0.000000000000000000e+00 0.000000000000000000e+00
9.389524804365700916e-02 2.896258047382804790e-03 2.896258047382804790e-03 2.896258047382804790e-03 0.000000000000000000e+00 0.000000000000000000e+00 0.000000000000000000e+00
1.073283730322255636e+01 0.000000000000000000e+00 0.000000000000000000e+00 0.000000000000000000e+00 0.000000000000000000e+00 0.000000000000000000e+00 0.000000000000000000e+00
9.562576452123709991e-01 9.562576452123709991e-01 2.172993159366765070e-02 2.172993159366765070e-02 0.000000000000000000e+00 0.000000000000000000e+00 0.000000000000000000e+00
6.061275132622174766e-01 1.015595789431422702e-02 0.000000000000000000e+00 0.000000000000000000e+00 0.000000000000000000e+00 0.000000000000000000e+00 0.000000000000000000e+00
6.676656630705695150e-01 8.226450035191845700e-03 8.226450035191845700e-03 0.000000000000000000e+00 0.000000000000000000e+00 0.000000000000000000e+00 0.000000000000000000e+00
1.388591587636245350e-02 1.388591587636245350e-02 0.000000000000000000e+00 0.000000000000000000e+00 0.000000000000000000e+00 0.000000000000000000e+00 0.000000000000000000e+00
8.630771195902084969e-01 2.799104650225441304e-01 2.799104650225441304e-01 0.000000000000000000e+00 0.000000000000000000e+00 0.000000000000000000e+00 0.000000000000000000e+00
2.114691744688504738e+00 6.233109170592276982e-03 5.181478806557615613e-03 5.181478806557615613e-03 0.000000000000000000e+00 0.000000000000000000e+00 0.000000000000000000e+00
2.813857572531743845e+00 9.901701917598249025e-02 5.012731602868747416e-03 5.012731602868747416e-03 0.000000000000000000e+00 0.000000000000000000e+00 0.000000000000000000e+00
9.452034634107064903e-02 9.452034634107064903e-02 0.000000000000000000e+00 0.000000000000000000e+00 0.000000000000000000e+00 0.000000000000000000e+00 0.000000000000000000e+00
1.028595008345245532e-02 0.000000000000000000e+00 0.000000000000000000e+00 0.000000000000000000e+00 0.000000000000000000e+00 0.000000000000000000e+00 0.000000000000000000e+00
6.439635259279485879e-02 1.498246874286124353e-03 1.498246874286124353e-03 1.498246874286124353e-03 1.498246874286124353e-03 1.498246874286124353e-03 0.000000000000000000e+00
1.159653201703625180e+00 0.000000000000000000e+00 0.000000000000000000e+00 0.000000000000000000e+00 0.000000000000000000e+00 0.000000000000000000e+00 0.000000000000000000e+00
4.746758661330643392e-01 3.854414481794243841e-04 3.854414481794243841e-04 0.000000000000000000e+00 0.000000000000000000e+00 0.000000000000000000e+00 0.000000000000000000e+00
3.217152686682265283e-01 1.603417100084492120e-03 1.603417100084492120e-03 0.000000000000000000e+00 0.000000000000000000e+00 0.000000000000000000e+00 0.000000000000000000e+00
4.469554939057884368e+00 3.063648337322373294e-01 3.063648337322373294e-01 0.000000000000000000e+00 0.000000000000000000e+00 0.000000000000000000e+00 0.000000000000000000e+00
4.345370217945760061e+00 6.668822337835145220e-02 0.000000000000000000e+00 0.000000000000000000e+00 0.000000000000000000e+00 0.000000000000000000e+00 0.000000000000000000e+00
3.783264863657915811e-01 3.085231667798726818e-01 3.085231667798726818e-01 8.761671719813790560e-03 5.461058349993663796e-04 0.000000000000000000e+00 0.000000000000000000e+00
2.526826750809952227e+00 1.986934888020353451e+00 7.025018350182636873e-01 1.535497412535633543e-01 1.535497412535633543e-01 0.000000000000000000e+00 0.000000000000000000e+00
5.761255703417811347e-02 5.834698629918699808e-03 5.834698629918699808e-03 0.000000000000000000e+00 0.000000000000000000e+00 0.000000000000000000e+00 0.000000000000000000e+00
3.597471051019998978e+00 2.732342053679816196e+00 2.732342053679816196e+00 1.582335272006130111e-03 0.000000000000000000e+00 0.000000000000000000e+00 0.000000000000000000e+00
1.210181822531481988e+00 5.233918929279384180e-01 5.233918929279384180e-01 5.233918929279384180e-01 0.000000000000000000e+00 0.000000000000000000e+00 0.000000000000000000e+00
8.472412208554631619e-01 0.000000000000000000e+00 0.000000000000000000e+00 0.000000000000000000e+00 0.000000000000000000e+00 0.000000000000000000e+00 0.000000000000000000e+00
3.040099520665342503e+00 3.872711470370933107e-01 1.512243396547274799e-01 1.512243396547274799e-01 0.000000000000000000e+00 0.000000000000000000e+00 0.000000000000000000e+00
