9.802133421434355398e+00 1.987621375088016507e+00 4.224146619315760631e-02 4.224146619315760631e-02 0.000000000000000000e+00 0.000000000000000000e+00 0.000000000000000000e+00
1.732194862447578032e-03 1.732194862447578032e-03 1.732194862447578032e-03 1.732194862447578032e-03 1.732194862447578032e-03 0.000000000000000000e+00 0.000000000000000000e+00
1.756485684311401840e-01 2.896251062702859258e-04 2.896251062702859258e-04 2.896251062702859258e-04 0.000000000000000000e+00 0.000000000000000000e+00 0.000000000000000000e+00
1.218809265849178480e+00 1.612017379667474160e-02 8.054434288514045193e-03 8.054434288514045193e-03 9.367664859194491100e-05 9.367664859194491100e-05 9.367664859194491100e-05
4.459762696183862118e-01 4.459762696183862118e-01 1.500500145324545898e-03 1.500500145324545898e-03 1.500500145324545898e-03 0.000000000000000000e+00 0.000000000000000000e+00
2.627391067271540592e-01 2.627391067271540592e-01 2.627391067271540592e-01 0.000000000000000000e+00 0.000000000000000000e+00 0.000000000000000000e+00 0.000000000000000000e+00
8.332064504441385466e-01 8.332064504441385466e-01 0.000000000000000000e+00 0.000000000000000000e+00 0.000000000000000000e+00 0.000000000000000000e+00 0.000000000000000000e+00
4.106830492123629384e+00 2.259805957985606462e+00 1.306516732009968429e+00 6.992851749519344295e-01 1.238831563540543357e-03 0.000000000000000000e+00 0.000000000000000000e+00
5.874806733137010184e-01 5.874806733137010184e-01 1.007171079546509418e-03 1.007171079546509418e-03 1.007171079546509418e-03 0.000000000000000000e+00 0.000000000000000000e+00
5.513488496591352650e+00 3.557795745251022268e+00 5.629252419207144698e-01 0.000000000000000000e+00 0.000000000000000000e+00 0.000000000000000000e+00 0.000000000000000000e+00
2.007126389623163476e+00 0.000000000000000000e+00 0.000000000000000000e+00 0.000000000000000000e+00 0.000000000000000000e+00 0.000000000000000000e+00 0.000000000000000000e+00
1.504666590931060366e+00 5.372330016409092579e-01 8.927926336484048875e-02 8.927926336484048875e-02 8.927926336484048875e-02 0.000000000000000000e+00 0.000000000000000000e+00
1.570395988424477807e-01 1.570395988424477807e-01 1.570395988424477807e-01 1.570395988424477807e-01 0.000000000000000000e+00 0.000000000000000000e+00 0.000000000000000000e+00
3.003035067291936588e+00 9.939340453472533810e-02 5.592321512144238227e-02 6.802170346382307997e-03 6.005253723752712602e-03 6.005253723752712602e-03 0.000000000000000000e+00
9.812813118078156371e-02 9.812813118078156371e-02 9.812813118078156371e-02 9.812813118078156371e-02 9.812813118078156371e-02 1.220919122255637035e-04 1.220919122255637035e-04
2.429991481712278301e+00 2.429991481712278301e+00 2.256921463717340259e+00 1.384846431235091657e-01 1.384846431235091657e-01 0.000000000000000000e+00 0.000000000000000000e+00
5.431746868881551116e+00 2.219923666949599195e+00 2.219923666949599195e+00 2.034327497641987836e+00 5.353121339444211202e-04 5.353121339444211202e-04 5.353121339444211202e-04
1.313414036051582912e+00 3.932093769619182666e-02 3.138692526320863152e-02 2.437625295024048455e-02 2.437625295024048455e-02 1.304422948129069226e-02 0.000000000000000000e+00
4.042444153262463313e-01 4.042444153262463313e-01 4.042444153262463313e-01 4.042444153262463313e-01 3.274256625751628125e-01 6.650606744862497255e-02 0.000000000000000000e+00
1.716485515553129559e+00 2.827023639497294738e-02 2.827023639497294738e-02 2.827023639497294738e-02 0.000000000000000000e+00 0.000000000000000000e+00 0.000000000000000000e+00
1.927525745969234094e-01 1.147326648141167027e-01 0.000000000000000000e+00 0.000000000000000000e+00 0.000000000000000000e+00 0.000000000000000000e+00 0.000000000000000000e+00
1.187428794975644575e-01 1.187428794975644575e-01 1.187428794975644575e-01 0.000000000000000000e+00 0.000000000000000000e+00 0.000000000000000000e+00 0.000000000000000000e+00
1.723006489767026750e+00 4.199848985629195397e-03 4.199848985629195397e-03 2.276788155134212843e-03 2.276788155134212843e-03 2.276788155134212843e-03 0.000000000000000000e+00
1.368667281080347742e+00 0.000000000000000000e+00 0.000000000000000000e+00 0.000000000000000000e+00 0.000000000000000000e+00 0.000000000000000000e+00 0.000000000000000000e+00
4.236378892356293946e+00 4.236378892356293946e+00 1.343799240297949282e+00 9.446268285824288569e-03 2.594540099067899064e-04 2.594540099067899064e-04 2.594540099067899064e-04
3.794115666955200084e-03 3.794115666955200084e-03 3.794115666955200084e-03 3.794115666955200084e-03 3.794115666955200084e-03 3.794115666955200084e-03 3.794115666955200084e-03
1.074210210932089904e+00 1.074210210932089904e+00 1.074210210932089904e+00 6.578570121056002140e-01 5.333712667236367722e-01 2.205344653797758347e-02 2.205344653797758347e-02
9.921853825941795435e-02 9.921853825941795435e-02 9.921853825941795435e-02 0.000000000000000000e+00 0.000000000000000000e+00 0.000000000000000000e+00 0.000000000000000000e+00
2.265662480787258737e+00 2.521681652912395322e-01 1.537404740670567094e-01 1.537404740670567094e-01 1.537404740670567094e-01 0.000000000000000000e+00 0.000000000000000000e+00
3.363554964181295404e+00 2.439145193939135758e+00 1.738068457223196361e-02 4.485393739813936520e-03 0.000000000000000000e+00 0.000000000000000000e+00 0.000000000000000000e+00
7.588026985497377197e+00 2.105938366936715767e+00 2.105938366936715767e+00 4.075548632733294596e-03 4.075548632733294596e-03 4.075548632733294596e-03 0.000000000000000000e+00
5.543184254722781645e-01 1.592097024026637442e-01 1.592097024026637442e-01 2.013203038887745322e-03 0.000000000000000000e+00 0.000000000000000000e+00 0.000000000000000000e+00
7.522298483267166880e-01 4.755839275519235798e-01 6.244372881621051974e-02 6.244372881621051974e-02 6.244372881621051974e-02 0.000000000000000000e+00 0.000000000000000000e+00
3.118984405912090807e-01 2.523236466398124378e-01 2.523236466398124378e-01 1.127076703754781306e-03 1.127076703754781306e-03 1.127076703754781306e-03 0.000000000000000000e+00
7.890961738648893942e-02 7.890961738648893942e-02 7.890961738648893942e-02 7.890961738648893942e-02 7.890961738648893942e-02 7.890961738648893942e-02 0.000000000000000000e+00
0.000000000000000000e+00 0.000000000000000000e+00 0.000000000000000000e+00 0.000000000000000000e+00 0.000000000000000000e+00 0.000000000000000000e+00 0.000000000000000000e+00
2.217081075696926362e+00 2.217081075696926362e+00 1.343510694818967899e-01 1.343510694818967899e-01 1.343510694818967899e-01 1.343510694818967899e-01 1.343510694818967899e-01
4.014018081611865796e+00 1.226090195374462510e+00 1.628235411920009312e-02 1.628235411920009312e-02 1.269856844083250280e-02 1.269856844083250280e-02 1.269856844083250280e-02
4.728551223034322959e-01 0.000000000000000000e+00 0.000000000000000000e+00 0.000000000000000000e+00 0.000000000000000000e+00 0.000000000000000000e+00 0.000000000000000000e+00
2.282117358499230697e+00 2.282117358499230697e+00 2.282117358499230697e+00 2.556912388008125703e-02 2.556912388008125703e-02 2.295027849776865025e-03 0.000000000000000000e+00
