9.656816945043040334e+00 5.767044473815925443e-01 1.324075877139190283e-01 9.872144029209550808e-03 0.000000000000000000e+00 0.000000000000000000e+00 0.000000000000000000e+00
4.649085985975887070e-01 3.112450035000051685e-01 0.000000000000000000e+00 0.000000000000000000e+00 0.000000000000000000e+00 0.000000000000000000e+00 0.000000000000000000e+00
8.819949085051081994e-01 1.021898994169321284e-01 1.021898994169321284e-01 2.872229100550072189e-04 2.872229100550072189e-04 2.872229100550072189e-04 0.000000000000000000e+00
7.093328786812378439e-01 0.000000000000000000e+00 0.000000000000000000e+00 0.000000000000000000e+00 0.000000000000000000e+00 0.000000000000000000e+00 0.000000000000000000e+00
4.823480081633757521e-02 4.823480081633757521e-02 4.823480081633757521e-02 4.823480081633757521e-02 0.000000000000000000e+00 0.000000000000000000e+00 0.000000000000000000e+00
8.949984370952344115e-01 3.348258586765817668e-02 3.348258586765817668e-02 2.098521570226452582e-02 2.098521570226452582e-02 2.098521570226452582e-02 0.000000000000000000e+00
1.918471845198419068e+00 1.398741138273102980e+00 0.000000000000000000e+00 0.000000000000000000e+00 0.000000000000000000e+00 0.000000000000000000e+00 0.000000000000000000e+00
4.088096678235469739e+00 2.259803798221755144e+00 4.496022708027647141e-01 0.000000000000000000e+00 0.000000000000000000e+00 0.000000000000000000e+00 0.000000000000000000e+00
1.563557511976046754e+00 1.563557511976046754e+00 1.563557511976046754e+00 1.563557511976046754e+00 8.515181935455782281e-01 2.424644630321557415e-01 1.010820736555118060e-03
1.195048742063928415e+00 1.893780476005773039e-01 1.195897724580063937e-02 8.049301599797331619e-04 0.000000000000000000e+00 0.000000000000000000e+00 0.000000000000000000e+00
4.391857950000295219e-01 0.000000000000000000e+00 0.000000000000000000e+00 0.000000000000000000e+00 0.000000000000000000e+00 0.000000000000000000e+00 0.000000000000000000e+00
8.498390560387130144e-01 5.373365164873389332e-01 2.136584177334239776e-01 3.038388131642477674e-03 3.038388131642477674e-03 3.038388131642477674e-03 0.000000000000000000e+00
2.078231512299530070e+00 9.172155865787914308e-01 7.132514397328710842e-01 0.000000000000000000e+00 0.000000000000000000e+00 0.000000000000000000e+00 0.000000000000000000e+00
7.995493259783392759e-02 7.995493259783392759e-02 7.995493259783392759e-02 1.406873217720594482e-03 1.406873217720594482e-03 0.000000000000000000e+00 0.000000000000000000e+00
1.676382151104346185e+00 1.676382151104346185e+00 1.576822123663056852e+00 1.468058257454258886e-01 1.468058257454258886e-01 1.050588059505086491e-02 0.000000000000000000e+00
4.891535602731611476e-02 4.891535602731611476e-02 4.891535602731611476e-02 0.000000000000000000e+00 0.000000000000000000e+00 0.000000000000000000e+00 0.000000000000000000e+00
4.246312926445467539e+00 2.220270611742945377e+00 2.678812101806620216e-01 2.678812101806620216e-01 1.465803155497880095e-03 1.465803155497880095e-03 0.000000000000000000e+00
2.438020038522115129e-02 2.438020038522115129e-02 2.438020038522115129e-02 2.438020038522115129e-02 8.695644635443144921e-03 0.000000000000000000e+00 0.000000000000000000e+00
2.916049019552999777e-01 2.916049019552999777e-01 2.916049019552999777e-01 2.916049019552999777e-01 5.308549376093651961e-02 5.308549376093651961e-02 5.072748531996795762e-04
2.159506250064989086e+00 0.000000000000000000e+00 0.000000000000000000e+00 0.000000000000000000e+00 0.000000000000000000e+00 0.000000000000000000e+00 0.000000000000000000e+00
1.323088649976180697e+00 1.570641077893952797e-03 1.570641077893952797e-03 1.570641077893952797e-03 0.000000000000000000e+00 0.000000000000000000e+00 0.000000000000000000e+00
1.179463566937444252e-01 1.179463566937444252e-01 0.000000000000000000e+00 0.000000000000000000e+00 0.000000000000000000e+00 0.000000000000000000e+00 0.000000000000000000e+00
2.353030525626857994e-01 7.410513681890051885e-03 7.410513681890051885e-03 7.410513681890051885e-03 0.000000000000000000e+00 0.000000000000000000e+00 0.000000000000000000e+00
1.455211670344423780e+00 1.123349825398189950e-02 1.123349825398189950e-02 1.123349825398189950e-02 0.000000000000000000e+00 0.000000000000000000e+00 0.000000000000000000e+00
3.511268341374309543e-01 1.847986519270889971e-01 0.000000000000000000e+00 0.000000000000000000e+00 0.000000000000000000e+00 0.000000000000000000e+00 0.000000000000000000e+00
9.079664176620285687e-01 5.603646688881864790e-01 5.603646688881864790e-01 1.070883107876596796e-02 1.070883107876596796e-02 0.000000000000000000e+00 0.000000000000000000e+00
4.449512911470809851e-01 4.449512911470809851e-01 4.449512911470809851e-01 2.306373856467696104e-01 1.496274375585304739e-04 1.496274375585304739e-04 1.496274375585304739e-04
3.630924247194711185e+00 2.790882295879295594e+00 4.985447976647972013e-02 4.985447976647972013e-02 0.000000000000000000e+00 0.000000000000000000e+00 0.000000000000000000e+00
1.168301371461894611e+00 1.860889953167799149e-03 1.860889953167799149e-03 1.860889953167799149e-03 1.860889953167799149e-03 1.860889953167799149e-03 0.000000000000000000e+00
1.166111975834130732e+00 9.360129975953146442e-02 9.360129975953146442e-02 0.000000000000000000e+00 0.000000000000000000e+00 0.000000000000000000e+00 0.000000000000000000e+00
1.444860893768140642e-02 1.444860893768140642e-02 1.444860893768140642e-02 1.444860893768140642e-02 2.897965472170582757e-04 2.897965472170582757e-04 0.000000000000000000e+00
1.928555551972097604e-01 1.928555551972097604e-01 2.013469717099702905e-03 2.013469717099702905e-03 0.000000000000000000e+00 0.000000000000000000e+00 0.000000000000000000e+00
5.049942117355645799e-01 5.049942117355645799e-01 5.049942117355645799e-01 7.773590175279920800e-02 1.555994028153762088e-03 1.555994028153762088e-03 0.000000000000000000e+00
1.446784485610859150e-01 1.313757934158221730e-02 1.313757934158221730e-02 1.313757934158221730e-02 0.000000000000000000e+00 0.000000000000000000e+00 0.000000000000000000e+00
5.282687077005556731e-01 3.278991253414964557e-01 2.979629513332211488e-01 4.222875976545026333e-05 4.222875976545026333e-05 4.222875976545026333e-05 4.222875976545026333e-05
1.354960495125272502e-01 1.354960495125272502e-01 3.449831707467154729e-03 3.449831707467154729e-03 3.449831707467154729e-03 3.449831707467154729e-03 5.790638301021999723e-04
1.553561583912981270e+00 1.553561583912981270e+00 1.345807639262264210e-01 1.345807639262264210e-01 3.647504576945737043e-03 0.000000000000000000e+00 0.000000000000000000e+00
1.269529820366521733e-02 3.186268731493413497e-03 3.186268731493413497e-03 0.000000000000000000e+00 0.000000000000000000e+00 0.000000000000000000e+00 0.000000000000000000e+00
7.149211456071591364e+00 1.645947593375656215e+00 5.466545414838286376e-02 5.466545414838286376e-02 1.063115311501849902e-02 0.000000000000000000e+00 0.000000000000000000e+00
6.785074284243219900e-01 6.785074284243219900e-01 6.785074284243219900e-01 6.785074284243219900e-01 1.400979519812572960e-02 2.295763717477417032e-03 0.000000000000000000e+00
1.062290440835153227e+00 1.062290440835153227e+00 7.203772458432844417e-03 7.203772458432844417e-03 1.443840344149904809e-03 0.000000000000000000e+00 0.000000000000000000e+00
2.273252639345094028e+00 1.349691120292062507e-02 1.349691120292062507e-02 1.349691120292062507e-02 1.349691120292062507e-02 1.349691120292062507e-02 0.000000000000000000e+00
6.255858031196481761e-02 6.255858031196481761e-02 6.255858031196481761e-02 6.255858031196481761e-02 3.640456963616145458e-04 3.640456963616145458e-04 3.640456963616145458e-04
1.088787610388549432e+00 2.841303119964777579e-03 2.841303119964777579e-03 2.841303119964777579e-03 2.841303119964777579e-03 2.841303119964777579e-03 2.841303119964777579e-03
1.460933082305237996e+00 2.182078951856443183e-01 6.515748959785838679e-02 6.515748959785838679e-02 6.515748959785838679e-02 6.554394522372497534e-03 0.000000000000000000e+00
0.000000000000000000e+00 0.000000000000000000e+00 0.000000000000000000e+00 0.000000000000000000e+00 0.000000000000000000e+00 0.000000000000000000e+00 0.000000000000000000e+00
3.905553613318514916e+00 2.661614383111477800e+00 1.018775681995898630e+00 3.189184099446977783e-01 3.189184099446977783e-01 1.191870993277888147e-05 0.000000000000000000e+00
6.025751294178220974e-01 1.424524613405253604e-02 1.424524613405253604e-02 1.424524613405253604e-02 0.000000000000000000e+00 0.000000000000000000e+00 0.000000000000000000e+00
1.549043697309335776e-01 1.549043697309335776e-01 1.549043697309335776e-01 1.549043697309335776e-01 1.500133309943141313e-03 1.500133309943141313e-03 0.000000000000000000e+00
2.754033104577572999e+00 2.754033104577572999e+00 1.447337672875286252e-01 1.447337672875286252e-01 1.316307883677092505e-02 0.000000000000000000e+00 0.000000000000000000e+00
4.554497170791158567e-01 2.675395537011304725e-02 2.675395537011304725e-02 2.675395537011304725e-02 2.675395537011304725e-02 2.675395537011304725e-02 4.658940480188888955e-04
7.305227671471969941e-01 1.944541864165740819e-01 1.316593591324632939e-03 1.316593591324632939e-03 1.316593591324632939e-03 1.316593591324632939e-03 0.000000000000000000e+00
2.481304135862292259e+00 8.624094369710944008e-01 3.539907163623232655e-01 3.539907163623232655e-01 9.628080576673525570e-04 9.628080576673525570e-04 9.628080576673525570e-04
1.523278233596583320e+00 1.364257906224413119e-01 5.045294065512351267e-03 0.000000000000000000e+00 0.000000000000000000e+00 0.000000000000000000e+00 0.000000000000000000e+00
2.503736925318585715e+00 8.382200623193813982e-02 8.382200623193813982e-02 5.376321356715507704e-03 5.376321356715507704e-03 0.000000000000000000e+00 0.000000000000000000e+00
1.720385571639704292e+00 9.640652918017584838e-01 9.640652918017584838e-01 3.198910872067584066e-02 3.198910872067584066e-02 3.198910872067584066e-02 0.000000000000000000e+00
6.191606106211722249e-03 6.191606106211722249e-03 6.191606106211722249e-03 6.191606106211722249e-03 6.191606106211722249e-03 6.191606106211722249e-03 4.569969262746553795e-05
1.204175495827787046e+00 3.433356317931846036e-03 3.433356317931846036e-03 3.433356317931846036e-03 3.433356317931846036e-03 0.000000000000000000e+00 0.000000000000000000e+00
3.787202792645150140e-02 3.787202792645150140e-02 3.787202792645150140e-02 2.704483740023633231e-04 2.704483740023633231e-04 0.000000000000000000e+00 0.000000000000000000e+00
7.324304327148922766e-03 7.324304327148922766e-03 7.324304327148922766e-03 7.324304327148922766e-03 0.000000000000000000e+00 0.000000000000000000e+00 0.000000000000000000e+00
6.804214716501633120e-02 5.645072942310314090e-03 5.645072942310314090e-03 0.000000000000000000e+00 0.000000000000000000e+00 0.000000000000000000e+00 0.000000000000000000e+00
4.966233913662725374e-01 4.966233913662725374e-01 4.966233913662725374e-01 3.091958394957319278e-01 0.000000000000000000e+00 0.000000000000000000e+00 0.000000000000000000e+00
8.546405869781087405e-03 8.546405869781087405e-03 8.546405869781087405e-03 8.546405869781087405e-03 8.546405869781087405e-03 8.546405869781087405e-03 2.690161357826736932e-04
9.331006157283638913e-02 9.331006157283638913e-02 9.331006157283638913e-02 9.331006157283638913e-02 8.428382544610535376e-03 0.000000000000000000e+00 0.000000000000000000e+00
2.838119649694760938e+00 1.863375745194328914e-02 1.863375745194328914e-02 1.863375745194328914e-02 1.863375745194328914e-02 1.890164986528830582e-03 1.890164986528830582e-03
4.130942894641442820e-02 4.130942894641442820e-02 1.936915606075073626e-02 1.936915606075073626e-02 1.936915606075073626e-02 3.445441990397757337e-03 3.445441990397757337e-03
1.129760864000273202e+00 1.129760864000273202e+00 2.808015048717127371e-02 2.808015048717127371e-02 2.808015048717127371e-02 0.000000000000000000e+00 0.000000000000000000e+00
2.951768166790854853e+00 1.284209577804086067e+00 0.000000000000000000e+00 0.000000000000000000e+00 0.000000000000000000e+00 0.000000000000000000e+00 0.000000000000000000e+00
3.112846899941357215e-02 3.112846899941357215e-02 3.112846899941357215e-02 3.112846899941357215e-02 3.112846899941357215e-02 3.112846899941357215e-02 1.318061151244087625e-02
1.948857349469448774e+00 1.204301013024444700e-01 1.204301013024444700e-01 1.204301013024444700e-01 1.098329119869490000e-02 0.000000000000000000e+00 0.000000000000000000e+00
3.423716577869887256e+00 3.423716577869887256e+00 1.179586599535531466e+00 1.179586599535531466e+00 1.177427411950415781e+00 0.000000000000000000e+00 0.000000000000000000e+00
1.244605196656975998e-01 1.244605196656975998e-01 1.244605196656975998e-01 1.244605196656975998e-01 0.000000000000000000e+00 0.000000000000000000e+00 0.000000000000000000e+00
6.303474574168524747e+00 8.027591128573252632e-02 8.027591128573252632e-02 0.000000000000000000e+00 0.000000000000000000e+00 0.000000000000000000e+00 0.000000000000000000e+00
9.458276968047627520e+00 3.170734570289003074e+00 3.315890748231566931e-01 2.080033231188771481e-02 8.523476541757446512e-04 0.000000000000000000e+00 0.000000000000000000e+00
6.845042329782635715e-01 6.845042329782635715e-01 6.845042329782635715e-01 6.845042329782635715e-01 2.250466971863174237e-02 2.250466971863174237e-02 2.250466971863174237e-02
3.854667572674300935e+00 3.854667572674300935e+00 1.756648095537052257e-01 1.756648095537052257e-01 3.166614488847585562e-03 0.000000000000000000e+00 0.000000000000000000e+00
8.196318653353031891e-01 9.937068315280406239e-02 9.937068315280406239e-02 3.504673264059743332e-02 3.504673264059743332e-02 3.504673264059743332e-02 2.897059450660322000e-03
8.508222951088757924e+00 0.000000000000000000e+00 0.000000000000000000e+00 0.000000000000000000e+00 0.000000000000000000e+00 0.000000000000000000e+00 0.000000000000000000e+00
2.507839300073172684e+00 2.507839300073172684e+00 2.507839300073172684e+00 8.921318406485134744e-05 8.921318406485134744e-05 8.921318406485134744e-05 8.921318406485134744e-05
1.949053261944231785e+00 6.014064614587155688e-02 4.997696443689747525e-03 4.997696443689747525e-03 0.000000000000000000e+00 0.000000000000000000e+00 0.000000000000000000e+00
1.607354609139655111e-02 1.607354609139655111e-02 1.607354609139655111e-02 1.607354609139655111e-02 1.607354609139655111e-02 0.000000000000000000e+00 0.000000000000000000e+00
9.112788633188833032e-01 9.112788633188833032e-01 4.250116571436828306e-01 4.250116571436828306e-01 4.250116571436828306e-01 2.471597858413110416e-02 1.445295819401337667e-03
6.802663194378048672e+00 1.292218578374375593e+00 3.045274341538011242e-01 3.045274341538011242e-01 1.462007652857977291e-03 0.000000000000000000e+00 0.000000000000000000e+00
1.526514778923841797e+00 2.814987893775844352e-01 2.814987893775844352e-01 2.312368831465461128e-03 2.312368831465461128e-03 2.312368831465461128e-03 0.000000000000000000e+00
1.532035677671563789e-01 1.532035677671563789e-01 1.532035677671563789e-01 0.000000000000000000e+00 0.000000000000000000e+00 0.000000000000000000e+00 0.000000000000000000e+00
3.166138749951540987e+00 3.166138749951540987e+00 2.808634489540413171e+00 1.840573600478164096e+00 9.754808793031255476e-02 9.754808793031255476e-02 0.000000000000000000e+00
4.451232666371878643e+00 2.053417528881338328e-01 0.000000000000000000e+00 0.000000000000000000e+00 0.000000000000000000e+00 0.000000000000000000e+00 0.000000000000000000e+00
0.000000000000000000e+00 0.000000000000000000e+00 0.000000000000000000e+00 0.000000000000000000e+00 0.000000000000000000e+00 0.000000000000000000e+00 0.000000000000000000e+00
5.279230823992392629e+00 0.000000000000000000e+00 0.000000000000000000e+00 0.000000000000000000e+00 0.000000000000000000e+00 0.000000000000000000e+00 0.000000000000000000e+00
0.000000000000000000e+00 0.000000000000000000e+00 0.000000000000000000e+00 0.000000000000000000e+00 0.000000000000000000e+00 0.000000000000000000e+00 0.000000000000000000e+00
3.763829413505260124e+00 1.929782679109379728e-01 1.840606245770715077e-02 0.000000000000000000e+00 0.000000000000000000e+00 0.000000000000000000e+00 0.000000000000000000e+00
2.783195015034592323e+00 0.000000000000000000e+00 0.000000000000000000e+00 0.000000000000000000e+00 0.000000000000000000e+00 0.000000000000000000e+00 0.000000000000000000e+00
4.987644477183467373e+00 4.059579477525212532e+00 1.893016738813733113e-01 1.559336981642367448e-01 0.000000000000000000e+00 0.000000000000000000e+00 0.000000000000000000e+00
8.908097489368032029e-01 2.394764615598949931e-01 2.394764615598949931e-01 2.394764615598949931e-01 8.776293951830105300e-03 8.776293951830105300e-03 0.000000000000000000e+00
2.101823630926082487e+00 1.548284278679945558e-01 1.548284278679945558e-01 1.548284278679945558e-01 6.470906128821951597e-03 0.000000000000000000e+00 0.000000000000000000e+00
6.946993487231090114e-02 6.946993487231090114e-02 6.946993487231090114e-02 6.946993487231090114e-02 6.946993487231090114e-02 9.078173283322277243e-03 8.625771243275792699e-05
7.556258602221355147e-02 7.556258602221355147e-02 7.556258602221355147e-02 1.583630263112034697e-03 0.000000000000000000e+00 0.000000000000000000e+00 0.000000000000000000e+00
4.581923825080251866e-01 4.581923825080251866e-01 3.936321194459986295e-01 3.936321194459986295e-01 0.000000000000000000e+00 0.000000000000000000e+00 0.000000000000000000e+00
4.624233228112650806e-02 4.624233228112650806e-02 4.624233228112650806e-02 1.081429547508783173e-03 1.081429547508783173e-03 0.000000000000000000e+00 0.000000000000000000e+00
2.509664137872964051e+00 2.509664137872964051e+00 3.872839929121001390e-01 3.872839929121001390e-01 2.200909964918729145e-03 1.675182123286766966e-03 0.000000000000000000e+00
