9.802133421434355398e+00 1.987621375088016507e+00 9.455337215396930617e-01 6.678771321389476157e-02 0.000000000000000000e+00 0.000000000000000000e+00 0.000000000000000000e+00
1.732194862447578032e-03 0.000000000000000000e+00 0.000000000000000000e+00 0.000000000000000000e+00 0.000000000000000000e+00 0.000000000000000000e+00 0.000000000000000000e+00
1.756485684311401840e-01 0.000000000000000000e+00 0.000000000000000000e+00 0.000000000000000000e+00 0.000000000000000000e+00 0.000000000000000000e+00 0.000000000000000000e+00
1.218809265849178480e+00 5.594483940350247764e-02 2.666882169845230521e-03 9.367664859194491100e-05 9.367664859194491100e-05 0.000000000000000000e+00 0.000000000000000000e+00
4.459762696183862118e-01 4.859127487402803425e-03 0.000000000000000000e+00 0.000000000000000000e+00 0.000000000000000000e+00 0.000000000000000000e+00 0.000000000000000000e+00
2.627391067271540592e-01 2.627391067271540592e-01 1.658333531709299535e-03 0.000000000000000000e+00 0.000000000000000000e+00 0.000000000000000000e+00 0.000000000000000000e+00
8.332064504441385466e-01 8.332064504441385466e-01 0.000000000000000000e+00 0.000000000000000000e+00 0.000000000000000000e+00 0.000000000000000000e+00 0.000000000000000000e+00
4.106830492123629384e+00 2.259805957985606462e+00 3.394294203627978845e-02 2.747797547654862171e-03 0.000000000000000000e+00 0.000000000000000000e+00 0.000000000000000000e+00
5.874806733137010184e-01 8.058867465366326144e-03 0.000000000000000000e+00 0.000000000000000000e+00 0.000000000000000000e+00 0.000000000000000000e+00 0.000000000000000000e+00
5.513488496591352650e+00 3.557795745251022268e+00 1.032304681198064955e+00 4.169641728436523920e-02 0.000000000000000000e+00 0.000000000000000000e+00 0.000000000000000000e+00
2.007126389623163476e+00 0.000000000000000000e+00 0.000000000000000000e+00 0.000000000000000000e+00 0.000000000000000000e+00 0.000000000000000000e+00 0.000000000000000000e+00
1.504666590931060366e+00 7.881425751832917825e-01 8.837145340045893249e-02 0.000000000000000000e+00 0.000000000000000000e+00 0.000000000000000000e+00 0.000000000000000000e+00
1.570395988424477807e-01 1.570395988424477807e-01 1.570395988424477807e-01 4.279224321654950813e-04 0.000000000000000000e+00 0.000000000000000000e+00 0.000000000000000000e+00
3.003035067291936588e+00 2.216611622516979629e-01 1.795964778307901355e-03 1.406570065706880257e-03 0.000000000000000000e+00 0.000000000000000000e+00 0.000000000000000000e+00
9.812813118078156371e-02 0.000000000000000000e+00 0.000000000000000000e+00 0.000000000000000000e+00 0.000000000000000000e+00 0.000000000000000000e+00 0.000000000000000000e+00
2.429991481712278301e+00 2.429991481712278301e+00 2.256921463717340259e+00 9.019849413778384672e-01 8.826731290692801934e-02 6.985316081312475944e-03 0.000000000000000000e+00
5.431746868881551116e+00 2.219923666949599195e+00 2.219923666949599195e+00 1.052766952837735914e-02 1.454496840145091952e-03 1.454496840145091952e-03 0.000000000000000000e+00
1.313414036051582912e+00 1.991661987461954553e-01 5.808221162127580328e-02 5.808221162127580328e-02 5.208975668296034200e-03 0.000000000000000000e+00 0.000000000000000000e+00
4.042444153262463313e-01 8.781962168032175775e-03 8.781962168032175775e-03 1.956191143040686420e-03 0.000000000000000000e+00 0.000000000000000000e+00 0.000000000000000000e+00
1.716485515553129559e+00 8.296515359331735340e-04 8.296515359331735340e-04 8.296515359331735340e-04 0.000000000000000000e+00 0.000000000000000000e+00 0.000000000000000000e+00
1.927525745969234094e-01 6.528903136836738952e-03 0.000000000000000000e+00 0.000000000000000000e+00 0.000000000000000000e+00 0.000000000000000000e+00 0.000000000000000000e+00
1.187428794975644575e-01 1.187428794975644575e-01 1.187428794975644575e-01 1.187428794975644575e-01 1.187428794975644575e-01 0.000000000000000000e+00 0.000000000000000000e+00
1.723006489767026750e+00 1.143279438024222827e-01 1.534604055213240059e-02 4.199848985629195397e-03 4.199848985629195397e-03 0.000000000000000000e+00 0.000000000000000000e+00
1.368667281080347742e+00 1.173254314168561407e-01 6.560602834368545189e-03 0.000000000000000000e+00 0.000000000000000000e+00 0.000000000000000000e+00 0.000000000000000000e+00
4.236378892356293946e+00 4.236378892356293946e+00 1.343799240297949282e+00 1.343799240297949282e+00 6.137522356017655056e-02 3.419882630082859976e-03 2.594540099067899064e-04
3.794115666955200084e-03 7.363235499253661942e-04 0.000000000000000000e+00 0.000000000000000000e+00 0.000000000000000000e+00 0.000000000000000000e+00 0.000000000000000000e+00
1.074210210932089904e+00 8.204172524471764483e-02 8.204172524471764483e-02 8.204172524471764483e-02 8.204172524471764483e-02 8.204172524471764483e-02 8.204172524471764483e-02
9.921853825941795435e-02 2.141044431678729154e-03 4.156033071089915154e-04 0.000000000000000000e+00 0.000000000000000000e+00 0.000000000000000000e+00 0.000000000000000000e+00
2.265662480787258737e+00 4.588612747346605403e-01 1.412172128463407006e-02 0.000000000000000000e+00 0.000000000000000000e+00 0.000000000000000000e+00 0.000000000000000000e+00
3.363554964181295404e+00 2.439145193939135758e+00 1.191230622433625541e-01 1.151310662250626393e-02 0.000000000000000000e+00 0.000000000000000000e+00 0.000000000000000000e+00
7.588026985497377197e+00 2.105938366936715767e+00 2.916770396614540850e-01 1.439763056260501273e-02 2.734110882807172516e-04 2.734110882807172516e-04 0.000000000000000000e+00
5.543184254722781645e-01 2.741562187034052300e-02 1.243652279635298896e-03 0.000000000000000000e+00 0.000000000000000000e+00 0.000000000000000000e+00 0.000000000000000000e+00
7.522298483267166880e-01 2.479409134646726187e-03 2.479409134646726187e-03 3.009684155248493198e-04 3.009684155248493198e-04 0.000000000000000000e+00 0.000000000000000000e+00
3.118984405912090807e-01 3.858653435488701433e-02 1.127076703754781306e-03 2.656096378954586612e-04 2.656096378954586612e-04 2.656096378954586612e-04 0.000000000000000000e+00
7.890961738648893942e-02 2.798890304305245991e-03 0.000000000000000000e+00 0.000000000000000000e+00 0.000000000000000000e+00 0.000000000000000000e+00 0.000000000000000000e+00
0.000000000000000000e+00 0.000000000000000000e+00 0.000000000000000000e+00 0.000000000000000000e+00 0.000000000000000000e+00 0.000000000000000000e+00 0.000000000000000000e+00
2.217081075696926362e+00 2.217081075696926362e+00 7.971076238946166459e-01 1.343510694818967899e-01 0.000000000000000000e+00 0.000000000000000000e+00 0.000000000000000000e+00
4.014018081611865796e+00 1.345744803173140269e+00 4.465352035463512337e-01 4.483481632639829684e-02 1.968355266860122299e-03 0.000000000000000000e+00 0.000000000000000000e+00
4.728551223034322959e-01 6.054393608438957131e-04 0.000000000000000000e+00 0.000000000000000000e+00 0.000000000000000000e+00 0.000000000000000000e+00 0.000000000000000000e+00
2.282117358499230697e+00 2.282117358499230697e+00 2.282117358499230697e+00 2.142195643094159330e+00 1.983162788198784554e+00 3.017600033221485845e-01 0.000000000000000000e+00
