9.802133421434355398e+00 4.433449503587086227e+00 1.654238740418893627e+00 2.192695750639188645e-01 4.913749863984051558e-02 4.913749863984051558e-02 4.913749863984051558e-02
1.732194862447578032e-03 1.732194862447578032e-03 1.732194862447578032e-03 1.732194862447578032e-03 1.732194862447578032e-03 1.732194862447578032e-03 1.732194862447578032e-03
1.756485684311401840e-01 1.756485684311401840e-01 1.756485684311401840e-01 4.833293911372305018e-02 4.833293911372305018e-02 4.833293911372305018e-02 4.833293911372305018e-02
1.218809265849178480e+00 1.218809265849178480e+00 1.218809265849178480e+00 9.502779214295120624e-02 8.707033358559712610e-03 8.707033358559712610e-03 8.707033358559712610e-03
4.459762696183862118e-01 4.459762696183862118e-01 4.459762696183862118e-01 0.000000000000000000e+00 0.000000000000000000e+00 0.000000000000000000e+00 0.000000000000000000e+00
2.627391067271540592e-01 2.627391067271540592e-01 2.627391067271540592e-01 2.627391067271540592e-01 2.627391067271540592e-01 2.627391067271540592e-01 2.627391067271540592e-01
8.332064504441385466e-01 8.332064504441385466e-01 8.332064504441385466e-01 8.332064504441385466e-01 8.332064504441385466e-01 8.332064504441385466e-01 8.332064504441385466e-01
4.106830492123629384e+00 2.704531701342482108e+00 6.209345809748887390e-01 4.496123994606682217e-01 1.238831563540543357e-03 1.238831563540543357e-03 1.238831563540543357e-03
5.874806733137010184e-01 5.874806733137010184e-01 5.874806733137010184e-01 5.874806733137010184e-01 5.874806733137010184e-01 5.874806733137010184e-01 1.949265760727989516e-01
5.513488496591352650e+00 1.893842556873437388e-01 1.893842556873437388e-01 1.544688287170750129e-01 1.544688287170750129e-01 1.544688287170750129e-01 1.544688287170750129e-01
2.007126389623163476e+00 2.007126389623163476e+00 4.780661085955246747e-01 4.780661085955246747e-01 4.780661085955246747e-01 7.790947363888145460e-02 7.790947363888145460e-02
1.504666590931060366e+00 1.504666590931060366e+00 1.468690553883567063e+00 1.376786666978624396e-02 1.376786666978624396e-02 1.376786666978624396e-02 1.376786666978624396e-02
1.570395988424477807e-01 1.570395988424477807e-01 1.570395988424477807e-01 1.570395988424477807e-01 1.570395988424477807e-01 1.570395988424477807e-01 8.474883495274365686e-02
3.003035067291936588e+00 4.608076389798485550e-01 3.878272105036364437e-01 1.377764571620332390e-02 1.377764571620332390e-02 1.377764571620332390e-02 1.377764571620332390e-02
9.812813118078156371e-02 9.812813118078156371e-02 9.812813118078156371e-02 9.812813118078156371e-02 9.812813118078156371e-02 9.812813118078156371e-02 9.812813118078156371e-02
2.429991481712278301e+00 1.741472700208186453e-01 1.741472700208186453e-01 1.741472700208186453e-01 9.873709178678247156e-03 9.873709178678247156e-03 9.873709178678247156e-03
5.431746868881551116e+00 2.407126339716778030e-01 2.407126339716778030e-01 3.012594039243365884e-03 3.012594039243365884e-03 3.012594039243365884e-03 3.012594039243365884e-03
1.313414036051582912e+00 1.313414036051582912e+00 1.304422948129069226e-02 5.903107427620568615e-03 5.903107427620568615e-03 5.903107427620568615e-03 5.903107427620568615e-03
4.042444153262463313e-01 4.042444153262463313e-01 4.042444153262463313e-01 3.112441464895101539e-01 3.112441464895101539e-01 3.112441464895101539e-01 3.112441464895101539e-01
1.716485515553129559e+00 5.394072477180333891e-02 5.394072477180333891e-02 5.394072477180333891e-02 5.394072477180333891e-02 5.394072477180333891e-02 5.394072477180333891e-02
