9.802133421434355398e+00 1.987621375088016507e+00 9.455337215396930617e-01 6.678771321389476157e-02 0.000000000000000000e+00 0.000000000000000000e+00 0.000000000000000000e+00
1.732194862447578032e-03 1.732194862447578032e-03 1.732194862447578032e-03 1.732194862447578032e-03 1.732194862447578032e-03 0.000000000000000000e+00 0.000000000000000000e+00
1.756485684311401840e-01 2.896251062702859258e-04 2.896251062702859258e-04 2.896251062702859258e-04 0.000000000000000000e+00 0.000000000000000000e+00 0.000000000000000000e+00
1.218809265849178480e+00 3.038605826578466562e-01 8.054434288514045193e-03 8.054434288514045193e-03 9.367664859194491100e-05 9.367664859194491100e-05 9.367664859194491100e-05
4.459762696183862118e-01 4.859127487402803425e-03 1.500500145324545898e-03 1.500500145324545898e-03 1.500500145324545898e-03 0.000000000000000000e+00 0.000000000000000000e+00
2.627391067271540592e-01 2.627391067271540592e-01 1.658333531709299535e-03 1.658333531709299535e-03 0.000000000000000000e+00 0.000000000000000000e+00 0.000000000000000000e+00
8.332064504441385466e-01 2.726822520719300869e-01 0.000000000000000000e+00 0.000000000000000000e+00 0.000000000000000000e+00 0.000000000000000000e+00 0.000000000000000000e+00
4.106830492123629384e+00 4.106830492123629384e+00 3.394294203627978845e-02 1.603214500113292473e-02 1.238831563540543357e-03 0.000000000000000000e+00 0.000000000000000000e+00
5.874806733137010184e-01 5.874806733137010184e-01 1.007171079546509418e-03 1.007171079546509418e-03 1.007171079546509418e-03 0.000000000000000000e+00 0.000000000000000000e+00
5.513488496591352650e+00 4.463292477230314859e+00 1.032304681198064955e+00 2.743989189166384790e-02 7.691504837000096018e-03 7.691504837000096018e-03 0.000000000000000000e+00
2.007126389623163476e+00 2.007126389623163476e+00 2.839280118714819778e-01 0.000000000000000000e+00 0.000000000000000000e+00 0.000000000000000000e+00 0.000000000000000000e+00
1.504666590931060366e+00 9.114527573575474939e-01 7.742887826600490797e-01 7.447763904349979924e-03 0.000000000000000000e+00 0.000000000000000000e+00 0.000000000000000000e+00
1.570395988424477807e-01 1.570395988424477807e-01 4.618756320162642481e-02 4.618756320162642481e-02 4.618756320162642481e-02 1.021718193460596780e-02 4.279224321654950813e-04
3.003035067291936588e+00 2.500415909078877341e+00 2.216611622516979629e-01 6.802170346382307997e-03 6.005253723752712602e-03 6.005253723752712602e-03 0.000000000000000000e+00
9.812813118078156371e-02 0.000000000000000000e+00 0.000000000000000000e+00 0.000000000000000000e+00 0.000000000000000000e+00 0.000000000000000000e+00 0.000000000000000000e+00
2.429991481712278301e+00 2.279258624217731288e+00 2.221032930309599251e+00 3.873788689321138179e-01 0.000000000000000000e+00 0.000000000000000000e+00 0.000000000000000000e+00
5.431746868881551116e+00 2.219923666949599195e+00 2.219923666949599195e+00 3.137418147548315384e-02 3.137418147548315384e-02 3.012594039243365884e-03 5.353121339444211202e-04
1.313414036051582912e+00 5.808221162127580328e-02 2.437625295024048455e-02 2.437625295024048455e-02 2.437625295024048455e-02 1.304422948129069226e-02 0.000000000000000000e+00
4.042444153262463313e-01 4.042444153262463313e-01 4.042444153262463313e-01 6.402987566168416578e-03 6.402987566168416578e-03 6.402987566168416578e-03 0.000000000000000000e+00
1.716485515553129559e+00 1.082365369430029478e+00 2.827023639497294738e-02 0.000000000000000000e+00 0.000000000000000000e+00 0.000000000000000000e+00 0.000000000000000000e+00
1.927525745969234094e-01 6.434348871211525989e-02 0.000000000000000000e+00 0.000000000000000000e+00 0.000000000000000000e+00 0.000000000000000000e+00 0.000000000000000000e+00
1.187428794975644575e-01 1.187428794975644575e-01 1.187428794975644575e-01 1.187428794975644575e-01 0.000000000000000000e+00 0.000000000000000000e+00 0.000000000000000000e+00
1.723006489767026750e+00 1.636167772958130762e+00 1.534604055213240059e-02 2.276788155134212843e-03 2.276788155134212843e-03 2.276788155134212843e-03 0.000000000000000000e+00
1.368667281080347742e+00 2.435196098861158731e-02 0.000000000000000000e+00 0.000000000000000000e+00 0.000000000000000000e+00 0.000000000000000000e+00 0.000000000000000000e+00
4.236378892356293946e+00 4.236378892356293946e+00 4.236378892356293946e+00 1.095099435736829108e+00 4.431669801926219066e-02 2.594540099067899064e-04 2.594540099067899064e-04
3.794115666955200084e-03 0.000000000000000000e+00 0.000000000000000000e+00 0.000000000000000000e+00 0.000000000000000000e+00 0.000000000000000000e+00 0.000000000000000000e+00
1.074210210932089904e+00 1.074210210932089904e+00 1.074210210932089904e+00 2.205344653797758347e-02 2.205344653797758347e-02 2.205344653797758347e-02 2.205344653797758347e-02
9.921853825941795435e-02 5.829842362599402250e-02 3.423024005904551359e-03 0.000000000000000000e+00 0.000000000000000000e+00 0.000000000000000000e+00 0.000000000000000000e+00
2.265662480787258737e+00 7.083257818769554959e-01 1.537404740670567094e-01 1.537404740670567094e-01 0.000000000000000000e+00 0.000000000000000000e+00 0.000000000000000000e+00
3.363554964181295404e+00 2.419969114764496609e+00 2.504481204089064050e-01 2.170370353995654256e-02 0.000000000000000000e+00 0.000000000000000000e+00 0.000000000000000000e+00
7.588026985497377197e+00 2.105938366936715767e+00 1.900964466764707206e+00 5.030785578238106126e-03 4.075548632733294596e-03 4.075548632733294596e-03 0.000000000000000000e+00
5.543184254722781645e-01 4.009234890054074185e-01 5.756118882549898785e-03 0.000000000000000000e+00 0.000000000000000000e+00 0.000000000000000000e+00 0.000000000000000000e+00
7.522298483267166880e-01 7.522298483267166880e-01 4.150729657807605832e-02 4.150729657807605832e-02 4.150729657807605832e-02 0.000000000000000000e+00 0.000000000000000000e+00
3.118984405912090807e-01 1.993187988210216588e-01 0.000000000000000000e+00 0.000000000000000000e+00 0.000000000000000000e+00 0.000000000000000000e+00 0.000000000000000000e+00
7.890961738648893942e-02 3.546762154130167488e-02 9.595496157550176264e-03 1.040072225596322397e-03 1.040072225596322397e-03 1.040072225596322397e-03 0.000000000000000000e+00
0.000000000000000000e+00 0.000000000000000000e+00 0.000000000000000000e+00 0.000000000000000000e+00 0.000000000000000000e+00 0.000000000000000000e+00 0.000000000000000000e+00
2.217081075696926362e+00 2.217081075696926362e+00 1.343510694818967899e-01 1.343510694818967899e-01 5.248407129508070312e-02 5.248407129508070312e-02 5.248407129508070312e-02
4.014018081611865796e+00 2.381588937975289255e+00 4.465352035463512337e-01 4.483481632639829684e-02 3.206589816820137884e-02 1.269856844083250280e-02 1.269856844083250280e-02
4.728551223034322959e-01 5.275134983780738196e-03 5.275134983780738196e-03 3.364024707468438180e-03 3.364024707468438180e-03 3.364024707468438180e-03 0.000000000000000000e+00
2.282117358499230697e+00 2.282117358499230697e+00 2.282117358499230697e+00 2.440427981273485258e-01 3.025516004084050081e-02 2.295027849776865025e-03 0.000000000000000000e+00
