9.656816945043040334e+00 5.767044473815925443e-01 3.625583855519920462e-03 0.000000000000000000e+00 0.000000000000000000e+00 0.000000000000000000e+00 0.000000000000000000e+00
4.649085985975887070e-01 8.501385109847880983e-03 1.737240299465980797e-03 0.000000000000000000e+00 0.000000000000000000e+00 0.000000000000000000e+00 0.000000000000000000e+00
8.819949085051081994e-01 1.560412701309044081e-02 2.872229100550072189e-04 0.000000000000000000e+00 0.000000000000000000e+00 0.000000000000000000e+00 0.000000000000000000e+00
7.093328786812378439e-01 0.000000000000000000e+00 0.000000000000000000e+00 0.000000000000000000e+00 0.000000000000000000e+00 0.000000000000000000e+00 0.000000000000000000e+00
4.823480081633757521e-02 4.860914243325575868e-03 0.000000000000000000e+00 0.000000000000000000e+00 0.000000000000000000e+00 0.000000000000000000e+00 0.000000000000000000e+00
8.949984370952344115e-01 3.755671037548591329e-02 2.791286954967553413e-03 0.000000000000000000e+00 0.000000000000000000e+00 0.000000000000000000e+00 0.000000000000000000e+00
1.918471845198419068e+00 1.398741138273102980e+00 0.000000000000000000e+00 0.000000000000000000e+00 0.000000000000000000e+00 0.000000000000000000e+00 0.000000000000000000e+00
4.088096678235469739e+00 2.259803798221755144e+00 5.545220453366823676e-01 7.282552113142415351e-02 2.748286959358914316e-03 0.000000000000000000e+00 0.000000000000000000e+00
1.563557511976046754e+00 1.563557511976046754e+00 1.563557511976046754e+00 1.101812251811669086e+00 1.101812251811669086e+00 1.010820736555118060e-03 0.000000000000000000e+00
1.195048742063928415e+00 2.269328034631374891e-01 2.239592094719000670e-02 8.049301599797331619e-04 0.000000000000000000e+00 0.000000000000000000e+00 0.000000000000000000e+00
4.391857950000295219e-01 2.491814422909572890e-01 0.000000000000000000e+00 0.000000000000000000e+00 0.000000000000000000e+00 0.000000000000000000e+00 0.000000000000000000e+00
8.498390560387130144e-01 5.373365164873389332e-01 2.198126751236006982e-02 3.038388131642477674e-03 5.373875799516980578e-04 0.000000000000000000e+00 0.000000000000000000e+00
2.078231512299530070e+00 1.460313141541472071e+00 4.321949177796824415e-04 0.000000000000000000e+00 0.000000000000000000e+00 0.000000000000000000e+00 0.000000000000000000e+00
7.995493259783392759e-02 7.995493259783392759e-02 1.795464363810506114e-03 0.000000000000000000e+00 0.000000000000000000e+00 0.000000000000000000e+00 0.000000000000000000e+00
1.676382151104346185e+00 1.676382151104346185e+00 1.576822123663056852e+00 1.468058257454258886e-01 1.468058257454258886e-01 1.050588059505086491e-02 1.149004622096327921e-04
4.891535602731611476e-02 4.692943763166645965e-03 0.000000000000000000e+00 0.000000000000000000e+00 0.000000000000000000e+00 0.000000000000000000e+00 0.000000000000000000e+00
4.246312926445467539e+00 2.220270611742945377e+00 3.560781118318763205e-01 5.590610224998671107e-02 7.356819698500327576e-03 5.249059590394788977e-04 0.000000000000000000e+00
2.438020038522115129e-02 2.438020038522115129e-02 5.211130805887087547e-03 0.000000000000000000e+00 0.000000000000000000e+00 0.000000000000000000e+00 0.000000000000000000e+00
2.916049019552999777e-01 6.403232789394808222e-03 0.000000000000000000e+00 0.000000000000000000e+00 0.000000000000000000e+00 0.000000000000000000e+00 0.000000000000000000e+00
2.159506250064989086e+00 1.135523259610380364e-01 1.695147976714750371e-02 8.239365860838177014e-04 0.000000000000000000e+00 0.000000000000000000e+00 0.000000000000000000e+00
1.323088649976180697e+00 7.228973676692618255e-03 0.000000000000000000e+00 0.000000000000000000e+00 0.000000000000000000e+00 0.000000000000000000e+00 0.000000000000000000e+00
1.179463566937444252e-01 1.179463566937444252e-01 0.000000000000000000e+00 0.000000000000000000e+00 0.000000000000000000e+00 0.000000000000000000e+00 0.000000000000000000e+00
2.353030525626857994e-01 7.410513681890051885e-03 0.000000000000000000e+00 0.000000000000000000e+00 0.000000000000000000e+00 0.000000000000000000e+00 0.000000000000000000e+00
1.455211670344423780e+00 1.087118935530062558e-01 4.682311449499820810e-03 0.000000000000000000e+00 0.000000000000000000e+00 0.000000000000000000e+00 0.000000000000000000e+00
3.511268341374309543e-01 2.848914023637139081e-02 2.673868037494031569e-03 0.000000000000000000e+00 0.000000000000000000e+00 0.000000000000000000e+00 0.000000000000000000e+00
9.079664176620285687e-01 8.280304297914122813e-01 8.280304297914122813e-01 9.687388260085505465e-02 5.100352470793545479e-03 0.000000000000000000e+00 0.000000000000000000e+00
4.449512911470809851e-01 4.449512911470809851e-01 4.449512911470809851e-01 5.917546257650663222e-02 3.514183716513930023e-02 3.514183716513930023e-02 4.257218971908560690e-03
3.630924247194711185e+00 2.790882295879295594e+00 1.548233523433086845e-01 1.396945331723475903e-02 2.150991609905616997e-03 0.000000000000000000e+00 0.000000000000000000e+00
1.168301371461894611e+00 1.388416509978007696e-03 0.000000000000000000e+00 0.000000000000000000e+00 0.000000000000000000e+00 0.000000000000000000e+00 0.000000000000000000e+00
1.166111975834130732e+00 1.476889786674666638e-01 4.499327856693824401e-03 6.497864123771179834e-04 0.000000000000000000e+00 0.000000000000000000e+00 0.000000000000000000e+00
1.444860893768140642e-02 2.897965472170582757e-04 0.000000000000000000e+00 0.000000000000000000e+00 0.000000000000000000e+00 0.000000000000000000e+00 0.000000000000000000e+00
1.928555551972097604e-01 5.757687118511434221e-03 0.000000000000000000e+00 0.000000000000000000e+00 0.000000000000000000e+00 0.000000000000000000e+00 0.000000000000000000e+00
5.049942117355645799e-01 5.049942117355645799e-01 1.251641023521488094e-02 3.089298037908250194e-04 0.000000000000000000e+00 0.000000000000000000e+00 0.000000000000000000e+00
1.446784485610859150e-01 4.847917286332048548e-03 2.658741142083087539e-04 0.000000000000000000e+00 0.000000000000000000e+00 0.000000000000000000e+00 0.000000000000000000e+00
5.282687077005556731e-01 3.278991253414964557e-01 1.423963005326900344e-02 1.029109871808486787e-03 4.222875976545026333e-05 0.000000000000000000e+00 0.000000000000000000e+00
1.354960495125272502e-01 1.486704900520408046e-02 1.965722884155418626e-03 0.000000000000000000e+00 0.000000000000000000e+00 0.000000000000000000e+00 0.000000000000000000e+00
1.553561583912981270e+00 1.345807639262264210e-01 1.345807639262264210e-01 7.228253138243267983e-03 0.000000000000000000e+00 0.000000000000000000e+00 0.000000000000000000e+00
1.269529820366521733e-02 1.966442666266665640e-03 0.000000000000000000e+00 0.000000000000000000e+00 0.000000000000000000e+00 0.000000000000000000e+00 0.000000000000000000e+00
7.149211456071591364e+00 1.645947593375656215e+00 5.903178552992827122e-04 0.000000000000000000e+00 0.000000000000000000e+00 0.000000000000000000e+00 0.000000000000000000e+00
6.785074284243219900e-01 6.785074284243219900e-01 3.025543516456874471e-02 0.000000000000000000e+00 0.000000000000000000e+00 0.000000000000000000e+00 0.000000000000000000e+00
1.062290440835153227e+00 4.350272588281889341e-02 1.912627203893180194e-03 0.000000000000000000e+00 0.000000000000000000e+00 0.000000000000000000e+00 0.000000000000000000e+00
2.273252639345094028e+00 1.893988180984562675e-02 0.000000000000000000e+00 0.000000000000000000e+00 0.000000000000000000e+00 0.000000000000000000e+00 0.000000000000000000e+00
6.255858031196481761e-02 6.255858031196481761e-02 2.178170366042841977e-03 0.000000000000000000e+00 0.000000000000000000e+00 0.000000000000000000e+00 0.000000000000000000e+00
1.088787610388549432e+00 2.390050251818092164e-01 4.750029555294599248e-02 2.841303119964777579e-03 0.000000000000000000e+00 0.000000000000000000e+00 0.000000000000000000e+00
1.460933082305237996e+00 5.663487311260473334e-01 2.039079348396199975e-03 0.000000000000000000e+00 0.000000000000000000e+00 0.000000000000000000e+00 0.000000000000000000e+00
0.000000000000000000e+00 0.000000000000000000e+00 0.000000000000000000e+00 0.000000000000000000e+00 0.000000000000000000e+00 0.000000000000000000e+00 0.000000000000000000e+00
3.905553613318514916e+00 2.661614383111477800e+00 1.352223530590665135e+00 1.191870993277888147e-05 1.191870993277888147e-05 0.000000000000000000e+00 0.000000000000000000e+00
6.025751294178220974e-01 3.853090457045693640e-02 0.000000000000000000e+00 0.000000000000000000e+00 0.000000000000000000e+00 0.000000000000000000e+00 0.000000000000000000e+00
1.549043697309335776e-01 1.549043697309335776e-01 1.958277344320524804e-02 0.000000000000000000e+00 0.000000000000000000e+00 0.000000000000000000e+00 0.000000000000000000e+00
2.754033104577572999e+00 2.754033104577572999e+00 1.447337672875286252e-01 6.699692868974871374e-03 8.656866294307619114e-04 0.000000000000000000e+00 0.000000000000000000e+00
4.554497170791158567e-01 1.573393115681636090e-01 3.602867244737861796e-02 2.679591457429353341e-03 0.000000000000000000e+00 0.000000000000000000e+00 0.000000000000000000e+00
7.305227671471969941e-01 2.629200662382080722e-02 1.316593591324632939e-03 0.000000000000000000e+00 0.000000000000000000e+00 0.000000000000000000e+00 0.000000000000000000e+00
2.481304135862292259e+00 9.402803350452999531e-01 8.051993921830469247e-02 8.051993921830469247e-02 9.092239251851985671e-03 1.039203860601745077e-03 0.000000000000000000e+00
1.523278233596583320e+00 2.894438728890982304e-01 3.979826060462876569e-02 7.063140968508463402e-04 0.000000000000000000e+00 0.000000000000000000e+00 0.000000000000000000e+00
2.503736925318585715e+00 1.356727514520450484e-01 7.885873685513189457e-03 0.000000000000000000e+00 0.000000000000000000e+00 0.000000000000000000e+00 0.000000000000000000e+00
1.720385571639704292e+00 9.817004034892828912e-03 1.146443022692622549e-05 1.146443022692622549e-05 0.000000000000000000e+00 0.000000000000000000e+00 0.000000000000000000e+00
6.191606106211722249e-03 6.191606106211722249e-03 6.191606106211722249e-03 3.173523447359105631e-03 0.000000000000000000e+00 0.000000000000000000e+00 0.000000000000000000e+00
1.204175495827787046e+00 6.568700450061193408e-03 0.000000000000000000e+00 0.000000000000000000e+00 0.000000000000000000e+00 0.000000000000000000e+00 0.000000000000000000e+00
3.787202792645150140e-02 3.787202792645150140e-02 6.094959621305129360e-03 2.704483740023633231e-04 0.000000000000000000e+00 0.000000000000000000e+00 0.000000000000000000e+00
7.324304327148922766e-03 2.435735068423205973e-03 1.405379257946037797e-05 0.000000000000000000e+00 0.000000000000000000e+00 0.000000000000000000e+00 0.000000000000000000e+00
6.804214716501633120e-02 2.376867603049781508e-03 0.000000000000000000e+00 0.000000000000000000e+00 0.000000000000000000e+00 0.000000000000000000e+00 0.000000000000000000e+00
4.966233913662725374e-01 3.035454876788525880e-01 0.000000000000000000e+00 0.000000000000000000e+00 0.000000000000000000e+00 0.000000000000000000e+00 0.000000000000000000e+00
8.546405869781087405e-03 8.546405869781087405e-03 8.546405869781087405e-03 7.068069341370636360e-04 0.000000000000000000e+00 0.000000000000000000e+00 0.000000000000000000e+00
9.331006157283638913e-02 9.331006157283638913e-02 3.371789789294865614e-03 0.000000000000000000e+00 0.000000000000000000e+00 0.000000000000000000e+00 0.000000000000000000e+00
2.838119649694760938e+00 4.946458193931135838e-02 1.890164986528830582e-03 0.000000000000000000e+00 0.000000000000000000e+00 0.000000000000000000e+00 0.000000000000000000e+00
4.130942894641442820e-02 4.130942894641442820e-02 1.681040702501057638e-02 6.018073508098353841e-04 6.018073508098353841e-04 0.000000000000000000e+00 0.000000000000000000e+00
1.129760864000273202e+00 1.802349231018141040e-02 1.802349231018141040e-02 0.000000000000000000e+00 0.000000000000000000e+00 0.000000000000000000e+00 0.000000000000000000e+00
2.951768166790854853e+00 1.284209577804086067e+00 0.000000000000000000e+00 0.000000000000000000e+00 0.000000000000000000e+00 0.000000000000000000e+00 0.000000000000000000e+00
3.112846899941357215e-02 3.112846899941357215e-02 2.078485650105488247e-03 2.078485650105488247e-03 2.078485650105488247e-03 0.000000000000000000e+00 0.000000000000000000e+00
1.948857349469448774e+00 1.098329119869490000e-02 1.098329119869490000e-02 1.078405423293737897e-03 0.000000000000000000e+00 0.000000000000000000e+00 0.000000000000000000e+00
3.423716577869887256e+00 3.423716577869887256e+00 1.190775646859633774e+00 1.190775646859633774e+00 1.172334669636318605e+00 0.000000000000000000e+00 0.000000000000000000e+00
1.244605196656975998e-01 2.764540878843702032e-03 2.778033037942329031e-06 0.000000000000000000e+00 0.000000000000000000e+00 0.000000000000000000e+00 0.000000000000000000e+00
6.303474574168524747e+00 1.164699524627561544e-01 2.883114829320909678e-03 0.000000000000000000e+00 0.000000000000000000e+00 0.000000000000000000e+00 0.000000000000000000e+00
9.458276968047627520e+00 3.170734570289003074e+00 3.315890748231566931e-01 4.431346568218508253e-02 5.667382335214909972e-03 0.000000000000000000e+00 0.000000000000000000e+00
6.845042329782635715e-01 6.845042329782635715e-01 5.494290509509447418e-02 4.042776436302908394e-03 0.000000000000000000e+00 0.000000000000000000e+00 0.000000000000000000e+00
3.854667572674300935e+00 3.854667572674300935e+00 1.756648095537052257e-01 0.000000000000000000e+00 0.000000000000000000e+00 0.000000000000000000e+00 0.000000000000000000e+00
8.196318653353031891e-01 1.929176277420632246e-01 9.190024575052202493e-02 0.000000000000000000e+00 0.000000000000000000e+00 0.000000000000000000e+00 0.000000000000000000e+00
8.508222951088757924e+00 0.000000000000000000e+00 0.000000000000000000e+00 0.000000000000000000e+00 0.000000000000000000e+00 0.000000000000000000e+00 0.000000000000000000e+00
2.507839300073172684e+00 8.810103451088038273e-01 8.810103451088038273e-01 3.588635497453385170e-02 0.000000000000000000e+00 0.000000000000000000e+00 0.000000000000000000e+00
1.949053261944231785e+00 2.426122548248974553e-01 3.564830396356466480e-02 1.132804079277960341e-04 0.000000000000000000e+00 0.000000000000000000e+00 0.000000000000000000e+00
1.607354609139655111e-02 1.607354609139655111e-02 2.129940459925094842e-04 0.000000000000000000e+00 0.000000000000000000e+00 0.000000000000000000e+00 0.000000000000000000e+00
9.112788633188833032e-01 9.112788633188833032e-01 4.250116571436828306e-01 4.250116571436828306e-01 4.250116571436828306e-01 3.847805363301759485e-02 6.105932111882150792e-03
6.802663194378048672e+00 1.292218578374375593e+00 2.036979292472373970e-03 2.036979292472373970e-03 0.000000000000000000e+00 0.000000000000000000e+00 0.000000000000000000e+00
1.526514778923841797e+00 2.814987893775844352e-01 2.237379077574264130e-04 2.237379077574264130e-04 0.000000000000000000e+00 0.000000000000000000e+00 0.000000000000000000e+00
1.532035677671563789e-01 1.461847770582558326e-03 0.000000000000000000e+00 0.000000000000000000e+00 0.000000000000000000e+00 0.000000000000000000e+00 0.000000000000000000e+00
3.166138749951540987e+00 3.166138749951540987e+00 2.808634489540413171e+00 1.840573600478164096e+00 2.026905352271981542e-01 1.539345835415950603e-02 5.986138235174465194e-04
4.451232666371878643e+00 2.053417528881338328e-01 1.027387715694150216e-02 0.000000000000000000e+00 0.000000000000000000e+00 0.000000000000000000e+00 0.000000000000000000e+00
0.000000000000000000e+00 0.000000000000000000e+00 0.000000000000000000e+00 0.000000000000000000e+00 0.000000000000000000e+00 0.000000000000000000e+00 0.000000000000000000e+00
5.279230823992392629e+00 0.000000000000000000e+00 0.000000000000000000e+00 0.000000000000000000e+00 0.000000000000000000e+00 0.000000000000000000e+00 0.000000000000000000e+00
0.000000000000000000e+00 0.000000000000000000e+00 0.000000000000000000e+00 0.000000000000000000e+00 0.000000000000000000e+00 0.000000000000000000e+00 0.000000000000000000e+00
3.763829413505260124e+00 2.753412567947162159e-01 3.219490581124428985e-02 0.000000000000000000e+00 0.000000000000000000e+00 0.000000000000000000e+00 0.000000000000000000e+00
2.783195015034592323e+00 0.000000000000000000e+00 0.000000000000000000e+00 0.000000000000000000e+00 0.000000000000000000e+00 0.000000000000000000e+00 0.000000000000000000e+00
4.987644477183467373e+00 4.059579477525212532e+00 1.893016738813733113e-01 2.272595652230702257e-02 1.748050999515804449e-03 0.000000000000000000e+00 0.000000000000000000e+00
8.908097489368032029e-01 2.191222508263201973e-02 5.383543826820158529e-04 0.000000000000000000e+00 0.000000000000000000e+00 0.000000000000000000e+00 0.000000000000000000e+00
2.101823630926082487e+00 3.245059115404735905e-03 0.000000000000000000e+00 0.000000000000000000e+00 0.000000000000000000e+00 0.000000000000000000e+00 0.000000000000000000e+00
6.946993487231090114e-02 6.946993487231090114e-02 1.682834841079450250e-02 1.810400929012745408e-03 0.000000000000000000e+00 0.000000000000000000e+00 0.000000000000000000e+00
7.556258602221355147e-02 7.423275829310238549e-03 4.547592979569081706e-04 0.000000000000000000e+00 0.000000000000000000e+00 0.000000000000000000e+00 0.000000000000000000e+00
4.581923825080251866e-01 3.845088810357233378e-01 3.845088810357233378e-01 0.000000000000000000e+00 0.000000000000000000e+00 0.000000000000000000e+00 0.000000000000000000e+00
4.624233228112650806e-02 2.302378166863405795e-03 0.000000000000000000e+00 0.000000000000000000e+00 0.000000000000000000e+00 0.000000000000000000e+00 0.000000000000000000e+00
2.509664137872964051e+00 2.509664137872964051e+00 3.872839929121001390e-01 1.675182123286766966e-03 1.675182123286766966e-03 0.000000000000000000e+00 0.000000000000000000e+00
