9.802133421434355398e+00 1.987621375088016507e+00 2.967048529346705266e-01 0.000000000000000000e+00 0.000000000000000000e+00 0.000000000000000000e+00 0.000000000000000000e+00
1.732194862447578032e-03 0.000000000000000000e+00 0.000000000000000000e+00 0.000000000000000000e+00 0.000000000000000000e+00 0.000000000000000000e+00 0.000000000000000000e+00
1.756485684311401840e-01 0.000000000000000000e+00 0.000000000000000000e+00 0.000000000000000000e+00 0.000000000000000000e+00 0.000000000000000000e+00 0.000000000000000000e+00
1.218809265849178480e+00 2.682070737804576055e-02 0.000000000000000000e+00 0.000000000000000000e+00 0.000000000000000000e+00 0.000000000000000000e+00 0.000000000000000000e+00
4.459762696183862118e-01 4.859127487402803425e-03 0.000000000000000000e+00 0.000000000000000000e+00 0.000000000000000000e+00 0.000000000000000000e+00 0.000000000000000000e+00
2.627391067271540592e-01 2.627391067271540592e-01 2.627391067271540592e-01 0.000000000000000000e+00 0.000000000000000000e+00 0.000000000000000000e+00 0.000000000000000000e+00
8.332064504441385466e-01 8.332064504441385466e-01 8.332064504441385466e-01 0.000000000000000000e+00 0.000000000000000000e+00 0.000000000000000000e+00 0.000000000000000000e+00
4.106830492123629384e+00 2.259805957985606462e+00 3.549354767765597884e-01 1.982079384748569595e-02 0.000000000000000000e+00 0.000000000000000000e+00 0.000000000000000000e+00
5.874806733137010184e-01 0.000000000000000000e+00 0.000000000000000000e+00 0.000000000000000000e+00 0.000000000000000000e+00 0.000000000000000000e+00 0.000000000000000000e+00
5.513488496591352650e+00 6.153987126981412814e-01 2.312990644480095170e-03 0.000000000000000000e+00 0.000000000000000000e+00 0.000000000000000000e+00 0.000000000000000000e+00
2.007126389623163476e+00 0.000000000000000000e+00 0.000000000000000000e+00 0.000000000000000000e+00 0.000000000000000000e+00 0.000000000000000000e+00 0.000000000000000000e+00
1.504666590931060366e+00 1.504666590931060366e+00 5.372330016409092579e-01 7.447763904349979924e-03 0.000000000000000000e+00 0.000000000000000000e+00 0.000000000000000000e+00
1.570395988424477807e-01 1.570395988424477807e-01 0.000000000000000000e+00 0.000000000000000000e+00 0.000000000000000000e+00 0.000000000000000000e+00 0.000000000000000000e+00
3.003035067291936588e+00 3.003035067291936588e+00 1.406570065706880257e-03 0.000000000000000000e+00 0.000000000000000000e+00 0.000000000000000000e+00 0.000000000000000000e+00
9.812813118078156371e-02 9.812813118078156371e-02 9.812813118078156371e-02 1.220919122255637035e-04 0.000000000000000000e+00 0.000000000000000000e+00 0.000000000000000000e+00
2.429991481712278301e+00 2.413488449254985291e+00 0.000000000000000000e+00 0.000000000000000000e+00 0.000000000000000000e+00 0.000000000000000000e+00 0.000000000000000000e+00
5.431746868881551116e+00 2.219923666949599195e+00 2.034327497641987836e+00 2.678363343249933748e-01 3.012594039243365884e-03 3.012594039243365884e-03 0.000000000000000000e+00
1.313414036051582912e+00 1.304422948129069226e-02 1.304422948129069226e-02 5.197501255249648011e-05 0.000000000000000000e+00 0.000000000000000000e+00 0.000000000000000000e+00
4.042444153262463313e-01 4.042444153262463313e-01 4.042444153262463313e-01 4.042444153262463313e-01 2.248726102733602517e-01 1.956191143040686420e-03 1.956191143040686420e-03
1.716485515553129559e+00 1.716485515553129559e+00 1.716485515553129559e+00 2.827023639497294738e-02 0.000000000000000000e+00 0.000000000000000000e+00 0.000000000000000000e+00
1.927525745969234094e-01 0.000000000000000000e+00 0.000000000000000000e+00 0.000000000000000000e+00 0.000000000000000000e+00 0.000000000000000000e+00 0.000000000000000000e+00
1.187428794975644575e-01 0.000000000000000000e+00 0.000000000000000000e+00 0.000000000000000000e+00 0.000000000000000000e+00 0.000000000000000000e+00 0.000000000000000000e+00
1.723006489767026750e+00 3.940943870957269723e-02 0.000000000000000000e+00 0.000000000000000000e+00 0.000000000000000000e+00 0.000000000000000000e+00 0.000000000000000000e+00
1.368667281080347742e+00 1.874205447158772131e-03 0.000000000000000000e+00 0.000000000000000000e+00 0.000000000000000000e+00 0.000000000000000000e+00 0.000000000000000000e+00
4.236378892356293946e+00 1.343799240297949282e+00 2.672046930513261032e-03 2.594540099067899064e-04 0.000000000000000000e+00 0.000000000000000000e+00 0.000000000000000000e+00
3.794115666955200084e-03 0.000000000000000000e+00 0.000000000000000000e+00 0.000000000000000000e+00 0.000000000000000000e+00 0.000000000000000000e+00 0.000000000000000000e+00
1.074210210932089904e+00 7.174070970470625142e-01 5.333712667236367722e-01 5.333712667236367722e-01 1.381389626486040356e-03 1.381389626486040356e-03 0.000000000000000000e+00
9.921853825941795435e-02 0.000000000000000000e+00 0.000000000000000000e+00 0.000000000000000000e+00 0.000000000000000000e+00 0.000000000000000000e+00 0.000000000000000000e+00
2.265662480787258737e+00 1.855913687660581957e-03 0.000000000000000000e+00 0.000000000000000000e+00 0.000000000000000000e+00 0.000000000000000000e+00 0.000000000000000000e+00
3.363554964181295404e+00 7.099618979400901253e-02 7.099618979400901253e-02 0.000000000000000000e+00 0.000000000000000000e+00 0.000000000000000000e+00 0.000000000000000000e+00
7.588026985497377197e+00 2.105938366936715767e+00 4.095161984075224026e-02 2.734110882807172516e-04 2.734110882807172516e-04 0.000000000000000000e+00 0.000000000000000000e+00
5.543184254722781645e-01 1.243652279635298896e-03 0.000000000000000000e+00 0.000000000000000000e+00 0.000000000000000000e+00 0.000000000000000000e+00 0.000000000000000000e+00
7.522298483267166880e-01 7.778003893136764546e-02 7.778003893136764546e-02 3.009684155248493198e-04 0.000000000000000000e+00 0.000000000000000000e+00 0.000000000000000000e+00
3.118984405912090807e-01 3.118984405912090807e-01 0.000000000000000000e+00 0.000000000000000000e+00 0.000000000000000000e+00 0.000000000000000000e+00 0.000000000000000000e+00
7.890961738648893942e-02 1.040072225596322397e-03 1.040072225596322397e-03 0.000000000000000000e+00 0.000000000000000000e+00 0.000000000000000000e+00 0.000000000000000000e+00
0.000000000000000000e+00 0.000000000000000000e+00 0.000000000000000000e+00 0.000000000000000000e+00 0.000000000000000000e+00 0.000000000000000000e+00 0.000000000000000000e+00
2.217081075696926362e+00 2.217081075696926362e+00 1.343510694818967899e-01 1.840131950643453251e-02 0.000000000000000000e+00 0.000000000000000000e+00 0.000000000000000000e+00
4.014018081611865796e+00 4.089265333532008384e-01 6.223183412212840437e-03 3.809820202951286205e-04 0.000000000000000000e+00 0.000000000000000000e+00 0.000000000000000000e+00
4.728551223034322959e-01 3.364024707468438180e-03 3.364024707468438180e-03 0.000000000000000000e+00 0.000000000000000000e+00 0.000000000000000000e+00 0.000000000000000000e+00
2.282117358499230697e+00 2.282117358499230697e+00 9.691192424722010479e-01 3.913285553119649762e-03 3.913285553119649762e-03 0.000000000000000000e+00 0.000000000000000000e+00
