9.656816945043040334e+00 9.656816945043040334e+00 9.614152816075774766e+00 9.574523725354174175e+00 9.538005468750231586e+00 9.504665859780066839e+00 9.474566039738361312e+00
4.649085985975887070e-01 4.019687342195679136e-01 5.866642467603533362e-02 0.000000000000000000e+00 0.000000000000000000e+00 0.000000000000000000e+00 0.000000000000000000e+00
8.819949085051081994e-01 7.983272326470105540e-01 1.382024826965961850e-01 2.872229100550072189e-04 0.000000000000000000e+00 0.000000000000000000e+00 0.000000000000000000e+00
7.093328786812378439e-01 5.592026616272427475e-02 4.009226805669641180e-02 8.717115945580111713e-03 2.992555443765532175e-03 9.775061443217936130e-05 0.000000000000000000e+00
4.823480081633757521e-02 3.614158080793217209e-02 4.860914243325575868e-03 0.000000000000000000e+00 0.000000000000000000e+00 0.000000000000000000e+00 0.000000000000000000e+00
8.949984370952344115e-01 8.189052378941537036e-01 0.000000000000000000e+00 0.000000000000000000e+00 0.000000000000000000e+00 0.000000000000000000e+00 0.000000000000000000e+00
1.918471845198419068e+00 1.845443307259579058e+00 1.614123996773526137e+00 1.565233525839334394e+00 1.522358524089975074e+00 1.485541944234652689e+00 1.454814026846436903e+00
4.088096678235469739e+00 4.086317236223166560e+00 4.086317236223166560e+00 4.086317236223166560e+00 4.086317236223166560e+00 4.086317236223166560e+00 4.086317236223166560e+00
1.563557511976046754e+00 1.563557511976046754e+00 1.563557511976046754e+00 1.563557511976046754e+00 1.563557511976046754e+00 1.563557511976046754e+00 1.563557511976046754e+00
1.195048742063928415e+00 1.108216892867925907e+00 1.024315117142871046e+00 9.434206517770995504e-01 8.656034910938892324e-01 7.909292939390795141e-01 7.194550177042717820e-01
4.391857950000295219e-01 4.056100191488285489e-01 3.751168180553632325e-01 3.477740276253067364e-01 3.236420842646414719e-01 3.027819217621394721e-01 2.852435885955126871e-01
8.498390560387130144e-01 8.357337315322523885e-01 7.852128869944601242e-01 7.676350476235649367e-01 7.676350476235649367e-01 7.676350476235649367e-01 7.676350476235649367e-01
2.078231512299530070e+00 2.078231512299530070e+00 2.057271309785660751e+00 2.037155237945381003e+00 2.017921171545493664e+00 1.999599823933357889e+00 1.982216413194280769e+00
7.995493259783392759e-02 7.995493259783392759e-02 1.501978670546044725e-02 1.406873217720594482e-03 0.000000000000000000e+00 0.000000000000000000e+00 0.000000000000000000e+00
1.676382151104346185e+00 1.636133483317128157e+00 1.493107637323003223e+00 1.470439451879311799e+00 1.450420939714562429e+00 1.433125325661110949e+00 1.418622409452056754e+00
4.891535602731611476e-02 3.639551596337842199e-02 2.570154022303317021e-02 1.684656530998207558e-02 9.840413865098263102e-03 4.692943763166645965e-03 1.411516563693204773e-03
4.246312926445467539e+00 2.220270611742945377e+00 6.716877233235030165e-01 6.334813231236537945e-01 3.560781118318763205e-01 2.157319864603968185e-02 5.249059590394788977e-04
2.438020038522115129e-02 2.438020038522115129e-02 1.827118613989409113e-02 1.304664620407880449e-02 8.695644635443144921e-03 5.211130805887087547e-03 2.595501374277553452e-03
2.916049019552999777e-01 2.552128631791780178e-01 2.210848683224398981e-01 1.892749215775687555e-01 1.598337627373263015e-01 1.328022475810680669e-01 1.082190932934300465e-01
2.159506250064989086e+00 2.068886617881668055e+00 1.979166822294783579e+00 1.890462386626596825e+00 1.802889268603079298e+00 1.716555924361908403e+00 1.631569684645578278e+00
1.323088649976180697e+00 1.227834971951873300e+00 1.135888031525098540e+00 1.047296395013119330e+00 9.621070798437942884e-01 8.803647549256901073e-01 8.021085876872176001e-01
1.179463566937444252e-01 1.179463566937444252e-01 1.179463566937444252e-01 1.179463566937444252e-01 1.179463566937444252e-01 1.179463566937444252e-01 1.179463566937444252e-01
2.353030525626857994e-01 2.028501803503584000e-01 2.033415891954426513e-02 1.075777008692657688e-02 4.199122036370184219e-03 6.262774049829999967e-04 0.000000000000000000e+00
1.455211670344423780e+00 1.377693422959283431e+00 1.344741187398250659e-01 4.682311449499820810e-03 0.000000000000000000e+00 0.000000000000000000e+00 0.000000000000000000e+00
3.511268341374309543e-01 3.074465758081679212e-01 1.312842161700880084e-01 2.559691852779266696e-04 0.000000000000000000e+00 0.000000000000000000e+00 0.000000000000000000e+00
9.079664176620285687e-01 9.042032608556240802e-01 9.010089462218688894e-01 8.983103016561990728e-01 8.960368642491047808e-01 8.941187650478736870e-01 8.924857061358544286e-01
4.449512911470809851e-01 3.972307486942974197e-01 3.519778949355281128e-01 3.093127096909826790e-01 2.693541782913404514e-01 2.322112902666733092e-01 1.979917128835391171e-01
3.630924247194711185e+00 2.790882295879295594e+00 2.790882295879295594e+00 2.790882295879295594e+00 2.790882295879295594e+00 2.790882295879295594e+00 2.790882295879295594e+00
1.168301371461894611e+00 4.892340727889514795e-01 4.329865673644581747e-01 3.800660494990788507e-01 3.305186312718735309e-01 2.843802840764571016e-01 2.416843551374867616e-01
1.166111975834130732e+00 1.094426991639243063e+00 5.151240813254442941e-02 1.153366970663416424e-02 2.563870576160809378e-03 0.000000000000000000e+00 0.000000000000000000e+00
1.444860893768140642e-02 5.063995221374906208e-03 2.897965472170582757e-04 0.000000000000000000e+00 0.000000000000000000e+00 0.000000000000000000e+00 0.000000000000000000e+00
1.928555551972097604e-01 1.592359910677707546e-01 1.354583771275663651e-02 2.013469717099702905e-03 0.000000000000000000e+00 0.000000000000000000e+00 0.000000000000000000e+00
5.049942117355645799e-01 5.049942117355645799e-01 4.704557057542531062e-01 4.364423698070321045e-01 4.030622886768586710e-01 3.704207767962923725e-01 3.386212814159570428e-01
1.446784485610859150e-01 1.285444255747085762e-01 1.130987339678286574e-01 9.840407474915746633e-02 8.451940296443272160e-02 7.150193057900278149e-02 5.940801523760086411e-02
5.282687077005556731e-01 5.029370687471059753e-01 3.395748620602134782e-01 3.341660992043753442e-01 3.310358375456492475e-01 3.301569603401033337e-01 3.301569603401033337e-01
1.354960495125272502e-01 1.251930447920748257e-01 1.151021138988275183e-01 1.052440441126711868e-01 9.564321887226956420e-02 8.632237660567865234e-02 7.730605191550043997e-02
1.553561583912981270e+00 8.531994863627310188e-01 8.360559715830852001e-01 8.056778230296065546e-01 7.991548865553995684e-01 7.955438423166627526e-01 7.948736781207799140e-01
1.269529820366521733e-02 6.219329448645005698e-03 1.966442666266665640e-03 0.000000000000000000e+00 0.000000000000000000e+00 0.000000000000000000e+00 0.000000000000000000e+00
7.149211456071591364e+00 7.072753511450828867e+00 6.102940790549414629e+00 3.979045501988596190e+00 3.504180411362085579e+00 3.504180411362085579e+00 3.504180411362085579e+00
6.785074284243219900e-01 5.947648810329839719e-01 4.655036776208199001e-02 2.557071085675044486e-02 1.081771958550969970e-02 2.295763717477417032e-03 0.000000000000000000e+00
1.062290440835153227e+00 9.810486431270826202e-01 9.027033566083106919e-01 8.273246471526825019e-01 7.549755564680804554e-01 6.857176231468553596e-01 6.196024770183718999e-01
2.273252639345094028e+00 1.560960402021318139e+00 1.240386356794065392e-01 0.000000000000000000e+00 0.000000000000000000e+00 0.000000000000000000e+00 0.000000000000000000e+00
6.255858031196481761e-02 6.255858031196481761e-02 5.106663754814810829e-02 4.058893551422126933e-02 3.118223242153828068e-02 2.290328564379962017e-02 1.580790243069074563e-02
1.088787610388549432e+00 1.030158382835053121e+00 9.732962992684872638e-01 9.181985243711952016e-01 8.648571232273130072e-01 8.132649350764942220e-01 7.634105230104260009e-01
1.460933082305237996e+00 1.430899655501026047e+00 1.334940524997461075e+00 2.517156907741018301e-01 6.044218391101185972e-02 1.467478841274072465e-03 0.000000000000000000e+00
0.000000000000000000e+00 0.000000000000000000e+00 0.000000000000000000e+00 0.000000000000000000e+00 0.000000000000000000e+00 0.000000000000000000e+00 0.000000000000000000e+00
3.905553613318514916e+00 3.839997986521342277e+00 2.713956062335726838e+00 2.643209323583215031e+00 2.638563032040381451e+00 2.638563032040381451e+00 2.638563032040381451e+00
6.025751294178220974e-01 5.366630627669297660e-01 0.000000000000000000e+00 0.000000000000000000e+00 0.000000000000000000e+00 0.000000000000000000e+00 0.000000000000000000e+00
1.549043697309335776e-01 1.549043697309335776e-01 5.662744159131349875e-02 4.146637586166068701e-03 8.644540511943965555e-04 0.000000000000000000e+00 0.000000000000000000e+00
2.754033104577572999e+00 2.743428304127978112e+00 2.734308577832955667e+00 2.726655206904035289e+00 2.720450353995109261e+00 2.715672880126675182e+00 2.712304329504093836e+00
4.554497170791158567e-01 4.394080973314933303e-01 4.232883447808770683e-01 4.070752584204822000e-01 3.907606564122989568e-01 3.743386555327301579e-01 3.578089921666398610e-01
7.305227671471969941e-01 6.575413531778773191e-01 6.100553241707551422e-03 1.316593591324632939e-03 0.000000000000000000e+00 0.000000000000000000e+00 0.000000000000000000e+00
2.481304135862292259e+00 2.420682223880250561e+00 1.441268899215243149e+00 7.783969624778936947e-01 6.875290065002275242e-01 6.870405531425012313e-01 2.001545965547419925e-01
1.523278233596583320e+00 1.426561859736127147e+00 1.332656127515631894e+00 1.241601688962553851e+00 1.153445463924796854e+00 1.068226457107522620e+00 9.859886749851600740e-01
2.503736925318585715e+00 2.437960439922981948e+00 5.553795239946204276e-01 2.879026698478259760e-02 0.000000000000000000e+00 0.000000000000000000e+00 0.000000000000000000e+00
1.720385571639704292e+00 1.700287976703369841e+00 1.679776556062783976e+00 1.658775273020542507e+00 1.637212574805901655e+00 1.615019132196906293e+00 1.592133432240052660e+00
6.191606106211722249e-03 6.191606106211722249e-03 3.173523447359105631e-03 1.076957475408146792e-03 0.000000000000000000e+00 0.000000000000000000e+00 0.000000000000000000e+00
1.204175495827787046e+00 1.138349932974378476e+00 1.073665355950839562e+00 1.010199778026906081e+00 9.480320039052241299e-01 8.872438552249595212e-01 8.279111378215189276e-01
3.787202792645150140e-02 3.787202792645150140e-02 2.750466440867249673e-02 1.872782525318505975e-02 1.157905558062122253e-02 6.094959621305129360e-03 2.313649417577501310e-03
7.324304327148922766e-03 2.435735068423205973e-03 1.405379257946037797e-05 1.405379257946037797e-05 1.405379257946037797e-05 1.405379257946037797e-05 1.405379257946037797e-05
6.804214716501633120e-02 4.759316796043577824e-02 1.104877634761081140e-03 0.000000000000000000e+00 0.000000000000000000e+00 0.000000000000000000e+00 0.000000000000000000e+00
4.966233913662725374e-01 4.689244504818159687e-01 3.241333217543058698e-01 2.955956249481570541e-01 2.955956249481570541e-01 2.955956249481570541e-01 2.955956249481570541e-01
8.546405869781087405e-03 8.546405869781087405e-03 8.546405869781087405e-03 4.997337746855665119e-03 2.378070998204931397e-03 7.068069341370636360e-04 0.000000000000000000e+00
9.331006157283638913e-02 9.331006157283638913e-02 6.587023244420908696e-02 4.305832131497133730e-02 2.497808400061796164e-02 1.172162132926679590e-02 3.371789789294865614e-03
2.838119649694760938e+00 2.700715806455080692e+00 7.018582923401144313e-01 1.600075120588329014e-01 8.355912746722538031e-03 2.149562205843835727e-03 0.000000000000000000e+00
4.130942894641442820e-02 4.130942894641442820e-02 2.199899056891574389e-02 1.463047588264165810e-02 3.445441990397757337e-03 3.445441990397757337e-03 3.445441990397757337e-03
1.129760864000273202e+00 1.050090146690156434e+00 9.730233215049342022e-01 8.986371176722469656e-01 8.270011104464694007e-01 7.581797482427115042e-01 6.922293551671865330e-01
2.951768166790854853e+00 2.874384491710871181e+00 2.075090080464533138e+00 1.180380922809987077e+00 1.136498939452583734e+00 1.120249914046953066e+00 1.117899195262895162e+00
3.112846899941357215e-02 3.112846899941357215e-02 2.120623602778937133e-02 6.754176099875497385e-03 1.417425456642362747e-04 0.000000000000000000e+00 0.000000000000000000e+00
1.948857349469448774e+00 1.948857349469448774e+00 1.933545448467397065e+00 1.931029414685336398e+00 1.929929310104198770e+00 1.929929310104198770e+00 1.929929310104198770e+00
3.423716577869887256e+00 3.377945148120584662e+00 3.336750333234065558e+00 3.300182092948793056e+00 3.268285173059402915e+00 3.241094858314071736e+00 3.218637142672299944e+00
1.244605196656975998e-01 9.961314435942258960e-02 2.742002396729725788e-03 0.000000000000000000e+00 0.000000000000000000e+00 0.000000000000000000e+00 0.000000000000000000e+00
6.303474574168524747e+00 6.064763689462032481e+00 5.827557745532732092e+00 5.592122425207575631e+00 5.358718618691205471e+00 5.127604159556796048e+00 4.899038394968606269e+00
9.458276968047627520e+00 9.404021569568708827e+00 9.353789912160674902e+00 9.307649640935197866e+00 9.265660353764479495e+00 9.227871707069629892e+00 9.194322995946562216e+00
6.845042329782635715e-01 6.845042329782635715e-01 6.245166300556495020e-01 5.666975407413572530e-01 5.111461042094500584e-01 4.579569455223326813e-01 4.072300309561081022e-01
3.854667572674300935e+00 3.852044496865632883e+00 3.851896356603769167e+00 3.851896356603769167e+00 3.851896356603769167e+00 3.851896356603769167e+00 3.851896356603769167e+00
8.196318653353031891e-01 7.753621369694139176e-01 7.324969455278567132e-01 6.910540042926087700e-01 6.510494747781150338e-01 6.124964817560911712e-01 5.754046657035165602e-01
8.508222951088757924e+00 0.000000000000000000e+00 0.000000000000000000e+00 0.000000000000000000e+00 0.000000000000000000e+00 0.000000000000000000e+00 0.000000000000000000e+00
2.507839300073172684e+00 2.440038895820505260e+00 2.371159549601317362e+00 2.301291353385896521e+00 2.230530799068805248e+00 2.158971229062313313e+00 2.086719222166685483e+00
1.949053261944231785e+00 1.869687849755900189e+00 4.999025814669719736e-01 1.269758090174777365e-01 4.997696443689747525e-03 1.618909709641513928e-03 0.000000000000000000e+00
1.607354609139655111e-02 1.607354609139655111e-02 8.227057715545882388e-03 2.129940459925094842e-04 0.000000000000000000e+00 0.000000000000000000e+00 0.000000000000000000e+00
9.112788633188833032e-01 9.112788633188833032e-01 8.604721678795161921e-01 8.101348113908919402e-01 7.603504637249127729e-01 7.112062730008585909e-01 6.627944726864807290e-01
6.802663194378048672e+00 6.802663194378048672e+00 6.801804657670126986e+00 1.292218578374375593e+00 1.292218578374375593e+00 1.292218578374375593e+00 1.292218578374375593e+00
1.526514778923841797e+00 1.515291740891233196e+00 1.508388876067844997e+00 1.505734784957126760e+00 1.505734784957126760e+00 1.505734784957126760e+00 1.505734784957126760e+00
1.532035677671563789e-01 1.294905451322527767e-01 1.076766518612535251e-01 8.779724570136338002e-02 6.988338136939820089e-02 5.396331153441291661e-02 4.006176570547559379e-02
3.166138749951540987e+00 3.166138749951540987e+00 2.858123910649612576e+00 2.842197572318050369e+00 2.829236762079140988e+00 2.819292829843150550e+00 2.812410905558781593e+00
4.451232666371878643e+00 4.358102938314356578e+00 2.524534879734634529e-01 9.219989703749842391e-02 2.381264292678686445e-02 1.061731923042685821e-02 2.684811475107906631e-03
0.000000000000000000e+00 0.000000000000000000e+00 0.000000000000000000e+00 0.000000000000000000e+00 0.000000000000000000e+00 0.000000000000000000e+00 0.000000000000000000e+00
5.279230823992392629e+00 5.213347648583360083e+00 5.148537242364497502e+00 5.084869520799900400e+00 5.022410543237219471e+00 4.961225256242315140e+00 4.901365296076539479e+00
0.000000000000000000e+00 0.000000000000000000e+00 0.000000000000000000e+00 0.000000000000000000e+00 0.000000000000000000e+00 0.000000000000000000e+00 0.000000000000000000e+00
3.763829413505260124e+00 3.636547308304632686e+00 2.753412567947162159e-01 7.107002136216244992e-02 1.654078377121326326e-02 7.111633283301443953e-03 1.603136039269870139e-03
2.783195015034592323e+00 2.666910831817327576e+00 2.551250207976440976e+00 2.436367579804583183e+00 2.322421548145537251e+00 2.209571186948997124e+00 2.097973892023361486e+00
4.987644477183467373e+00 4.911827043611655341e+00 4.838857496124640889e+00 4.768798148465354103e+00 4.701712053505227473e+00 4.637657383595032101e+00 4.576693354441372819e+00
8.908097489368032029e-01 8.281763363226684049e-01 7.668792880087229591e-01 7.070583792417632907e-01 6.488520891890434683e-01 5.923981457084144253e-01 5.378293423532367612e-01
2.101823630926082487e+00 1.969893408061714091e+00 2.889384859843611153e-01 3.984319938503233516e-02 1.104718853462749451e-03 0.000000000000000000e+00 0.000000000000000000e+00
6.946993487231090114e-02 6.946993487231090114e-02 5.797595829898294362e-02 3.287660862219388136e-02 7.711956462094438081e-03 1.810400929012745408e-03 7.037129917923934386e-04
7.556258602221355147e-02 5.940270254900470448e-02 4.513418568525429109e-02 3.278148299771821428e-02 2.236529448827173638e-02 1.390623445116689894e-02 7.423275829310238549e-03
4.581923825080251866e-01 4.403157001524125036e-01 3.882152145418737987e-01 3.684409304417948228e-01 3.668991375449341952e-01 3.668991375449341952e-01 3.668991375449341952e-01
4.624233228112650806e-02 2.996960628523215320e-02 1.724516922660779272e-02 8.035790079466309521e-03 2.302378166863405795e-03 0.000000000000000000e+00 0.000000000000000000e+00
2.509664137872964051e+00 2.509664137872964051e+00 2.484980636760439676e+00 2.462001012331441530e+00 2.440786377280770303e+00 2.421395243134158548e+00 2.403882928634209826e+00
