4.296295003750779884e+00,2.898514830827938482e-01,8.335024589966089081e-02,1.717027860315489818e-02,0.000000000000000000e+00,0.000000000000000000e+00,0.000000000000000000e+00,0.000000000000000000e+00,0.000000000000000000e+00,0.000000000000000000e+00,0.000000000000000000e+00
6.131111221602338901e-01,2.779694412851156926e-01,2.779694412851156926e-01,8.124938744201060103e-03,8.124938744201060103e-03,0.000000000000000000e+00,0.000000000000000000e+00,0.000000000000000000e+00,0.000000000000000000e+00,0.000000000000000000e+00,0.000000000000000000e+00
1.782468814758965792e+00,1.782468814758965792e+00,1.782468814758965792e+00,0.000000000000000000e+00,0.000000000000000000e+00,0.000000000000000000e+00,0.000000000000000000e+00,0.000000000000000000e+00,0.000000000000000000e+00,0.000000000000000000e+00,0.000000000000000000e+00
3.673296632021609831e+00,3.673296632021609831e+00,3.673296632021609831e+00,0.000000000000000000e+00,0.000000000000000000e+00,0.000000000000000000e+00,0.000000000000000000e+00,0.000000000000000000e+00,0.000000000000000000e+00,0.000000000000000000e+00,0.000000000000000000e+00
1.571046741841635619e+00,3.522536833323570704e-01,3.522536833323570704e-01,6.732163721272854673e-02,6.732163721272854673e-02,0.000000000000000000e+00,0.000000000000000000e+00,0.000000000000000000e+00,0.000000000000000000e+00,0.000000000000000000e+00,0.000000000000000000e+00
1.886485878109045000e+00,1.886485878109045000e+00,5.693969195161585617e-02,0.000000000000000000e+00,0.000000000000000000e+00,0.000000000000000000e+00,0.000000000000000000e+00,0.000000000000000000e+00,0.000000000000000000e+00,0.000000000000000000e+00,0.000000000000000000e+00
1.018184473394113887e+00,1.018184473394113887e+00,1.018184473394113887e+00,0.000000000000000000e+00,0.000000000000000000e+00,0.000000000000000000e+00,0.000000000000000000e+00,0.000000000000000000e+00,0.000000000000000000e+00,0.000000000000000000e+00,0.000000000000000000e+00
7.661174999579536404e-01,2.500384473135497387e-01,0.000000000000000000e+00,0.000000000000000000e+00,0.000000000000000000e+00,0.000000000000000000e+00,0.000000000000000000e+00,0.000000000000000000e+00,0.000000000000000000e+00,0.000000000000000000e+00,0.000000000000000000e+00
1.958768916495312595e-01,0.000000000000000000e+00,0.000000000000000000e+00,0.000000000000000000e+00,0.000000000000000000e+00,0.000000000000000000e+00,0.000000000000000000e+00,0.000000000000000000e+00,0.000000000000000000e+00,0.000000000000000000e+00,0.000000000000000000e+00
1.969125250295551410e-01,1.364015990220455166e-01,1.664989840335806548e-02,1.664989840335806548e-02,1.664989840335806548e-02,0.000000000000000000e+00,0.000000000000000000e+00,0.000000000000000000e+00,0.000000000000000000e+00,0.000000000000000000e+00,0.000000000000000000e+00
5.741125608134421299e+00,4.579370238756386158e+00,4.569870734914603716e+00,4.569870734914603716e+00,4.456209086765461791e+00,3.640927670540760275e+00,3.187718124986068879e+00,3.187718124986068879e+00,3.187718124986068879e+00,3.187718124986068879e+00,0.000000000000000000e+00
1.643800931837000157e+00,1.397538535293084472e+00,2.601573626028041986e-02,2.601573626028041986e-02,0.000000000000000000e+00,0.000000000000000000e+00,0.000000000000000000e+00,0.000000000000000000e+00,0.000000000000000000e+00,0.000000000000000000e+00,0.000000000000000000e+00
2.626773354302750718e+00,2.557373218530798020e+00,1.831051918343487905e+00,1.831051918343487905e+00,1.831051918343487905e+00,1.831051918343487905e+00,1.831051918343487905e+00,9.515812459029024950e-01,1.086802642065487490e-01,0.000000000000000000e+00,0.000000000000000000e+00
1.535447609203993480e+00,1.632262660180963110e-01,1.632262660180963110e-01,7.039982790737742135e-02,7.039982790737742135e-02,7.039982790737742135e-02,5.738125978709440744e-02,5.738125978709440744e-02,1.871332622807919677e-03,1.871332622807919677e-03,0.000000000000000000e+00
6.254167633373871382e+00,3.846588003290838831e+00,3.846588003290838831e+00,4.703971786747906947e-02,4.703971786747906947e-02,0.000000000000000000e+00,0.000000000000000000e+00,0.000000000000000000e+00,0.000000000000000000e+00,0.000000000000000000e+00,0.000000000000000000e+00
2.958384794732729972e+00,2.958384794732729972e+00,2.958384794732729972e+00,1.240950882651892684e+00,1.240950882651892684e+00,1.240950882651892684e+00,1.240950882651892684e+00,1.240950882651892684e+00,1.240950882651892684e+00,1.240950882651892684e+00,0.000000000000000000e+00
3.281291850643510255e+00,0.000000000000000000e+00,0.000000000000000000e+00,0.000000000000000000e+00,0.000000000000000000e+00,0.000000000000000000e+00,0.000000000000000000e+00,0.000000000000000000e+00,0.000000000000000000e+00,0.000000000000000000e+00,0.000000000000000000e+00
1.047706500413741360e+00,1.047706500413741360e+00,8.371522840503597962e-02,8.371522840503597962e-02,8.371522840503597962e-02,0.000000000000000000e+00,0.000000000000000000e+00,0.000000000000000000e+00,0.000000000000000000e+00,0.000000000000000000e+00,0.000000000000000000e+00
8.697640511725225343e-01,5.325300411198918837e-02,5.325300411198918837e-02,0.000000000000000000e+00,0.000000000000000000e+00,0.000000000000000000e+00,0.000000000000000000e+00,0.000000000000000000e+00,0.000000000000000000e+00,0.000000000000000000e+00,0.000000000000000000e+00
4.368564302067685645e-01,5.367820057607985973e-02,5.367820057607985973e-02,0.000000000000000000e+00,0.000000000000000000e+00,0.000000000000000000e+00,0.000000000000000000e+00,0.000000000000000000e+00,0.000000000000000000e+00,0.000000000000000000e+00,0.000000000000000000e+00
8.474327002489872029e-01,2.104126952722840116e-01,2.104126952722840116e-01,0.000000000000000000e+00,0.000000000000000000e+00,0.000000000000000000e+00,0.000000000000000000e+00,0.000000000000000000e+00,0.000000000000000000e+00,0.000000000000000000e+00,0.000000000000000000e+00
1.686610625588209622e+00,0.000000000000000000e+00,0.000000000000000000e+00,0.000000000000000000e+00,0.000000000000000000e+00,0.000000000000000000e+00,0.000000000000000000e+00,0.000000000000000000e+00,0.000000000000000000e+00,0.000000000000000000e+00,0.000000000000000000e+00
1.769653942622958276e+00,1.121226176498661076e+00,1.121226176498661076e+00,5.715462171747276443e-02,5.715462171747276443e-02,9.625419901933440769e-03,0.000000000000000000e+00,0.000000000000000000e+00,0.000000000000000000e+00,0.000000000000000000e+00,0.000000000000000000e+00
3.494307402844611943e-01,6.596688237337655636e-02,2.788289781288444402e-02,0.000000000000000000e+00,0.000000000000000000e+00,0.000000000000000000e+00,0.000000000000000000e+00,0.000000000000000000e+00,0.000000000000000000e+00,0.000000000000000000e+00,0.000000000000000000e+00
6.133106856614809921e+00,5.367855731066792480e+00,5.367855731066792480e+00,5.367855731066792480e+00,4.810332093160454292e+00,0.000000000000000000e+00,0.000000000000000000e+00,0.000000000000000000e+00,0.000000000000000000e+00,0.000000000000000000e+00,0.000000000000000000e+00
2.369787101929050621e+00,4.667379677084326772e-01,4.667379677084326772e-01,4.667379677084326772e-01,4.667379677084326772e-01,5.251996079267762241e-02,5.251996079267762241e-02,0.000000000000000000e+00,0.000000000000000000e+00,0.000000000000000000e+00,0.000000000000000000e+00
1.618024728534942724e+00,0.000000000000000000e+00,0.000000000000000000e+00,0.000000000000000000e+00,0.000000000000000000e+00,0.000000000000000000e+00,0.000000000000000000e+00,0.000000000000000000e+00,0.000000000000000000e+00,0.000000000000000000e+00,0.000000000000000000e+00
7.824666397159183440e-01,5.637797262633346129e-01,5.637797262633346129e-01,3.231534298792881899e-02,3.231534298792881899e-02,0.000000000000000000e+00,0.000000000000000000e+00,0.000000000000000000e+00,0.000000000000000000e+00,0.000000000000000000e+00,0.000000000000000000e+00
8.696487085527682126e-02,0.000000000000000000e+00,0.000000000000000000e+00,0.000000000000000000e+00,0.000000000000000000e+00,0.000000000000000000e+00,0.000000000000000000e+00,0.000000000000000000e+00,0.000000000000000000e+00,0.000000000000000000e+00,0.000000000000000000e+00
1.874816328041202684e+00,1.688398559618173866e+00,1.688398559618173866e+00,3.773243842950231297e-01,2.418066753000767122e-01,2.418066753000767122e-01,2.418066753000767122e-01,2.418066753000767122e-01,2.418066753000767122e-01,2.418066753000767122e-01,2.418066753000767122e-01
1.828600135459796050e+00,4.778051167084527151e-01,7.251455389987793154e-02,2.792851279318941948e-02,0.000000000000000000e+00,0.000000000000000000e+00,0.000000000000000000e+00,0.000000000000000000e+00,0.000000000000000000e+00,0.000000000000000000e+00,0.000000000000000000e+00
5.261350105621875883e-02,0.000000000000000000e+00,0.000000000000000000e+00,0.000000000000000000e+00,0.000000000000000000e+00,0.000000000000000000e+00,0.000000000000000000e+00,0.000000000000000000e+00,0.000000000000000000e+00,0.000000000000000000e+00,0.000000000000000000e+00
6.846259717776502995e+00,6.846259717776502995e+00,2.698157759003733780e+00,2.251515698964845491e+00,2.251515698964845491e+00,2.251515698964845491e+00,2.251515698964845491e+00,0.000000000000000000e+00,0.000000000000000000e+00,0.000000000000000000e+00,0.000000000000000000e+00
9.553882431470448466e-01,9.553882431470448466e-01,9.553882431470448466e-01,9.553882431470448466e-01,9.553882431470448466e-01,9.310909085228411541e-01,9.310909085228411541e-01,9.310909085228411541e-01,9.000539775706535295e-01,6.102771637567103724e-01,5.636781208379737507e-03
2.285647998712418083e+00,2.530952303662798997e-01,1.199012767995668582e-01,7.577914386997397500e-02,7.577914386997397500e-02,7.577914386997397500e-02,7.577914386997397500e-02,7.577914386997397500e-02,7.577914386997397500e-02,7.577914386997397500e-02,7.577914386997397500e-02
3.586783153753074771e-01,1.038409683764127678e-01,1.038409683764127678e-01,7.077197670755364101e-02,1.479087877166662679e-03,0.000000000000000000e+00,0.000000000000000000e+00,0.000000000000000000e+00,0.000000000000000000e+00,0.000000000000000000e+00,0.000000000000000000e+00
2.722507509815172089e+00,2.722507509815172089e+00,2.722507509815172089e+00,2.722507509815172089e+00,2.722507509815172089e+00,2.722507509815172089e+00,2.722507509815172089e+00,2.722507509815172089e+00,2.722507509815172089e+00,2.722507509815172089e+00,2.722507509815172089e+00
1.321596463415031231e+00,4.124074752283437562e-01,0.000000000000000000e+00,0.000000000000000000e+00,0.000000000000000000e+00,0.000000000000000000e+00,0.000000000000000000e+00,0.000000000000000000e+00,0.000000000000000000e+00,0.000000000000000000e+00,0.000000000000000000e+00
3.350624210419388405e+00,1.245391419487261508e+00,1.245391419487261508e+00,0.000000000000000000e+00,0.000000000000000000e+00,0.000000000000000000e+00,0.000000000000000000e+00,0.000000000000000000e+00,0.000000000000000000e+00,0.000000000000000000e+00,0.000000000000000000e+00
1.141546205407035330e+00,8.712271634987773794e-01,8.712271634987773794e-01,8.712271634987773794e-01,8.712271634987773794e-01,5.155587753847701293e-01,5.155587753847701293e-01,0.000000000000000000e+00,0.000000000000000000e+00,0.000000000000000000e+00,0.000000000000000000e+00
3.416297500749663651e+00,7.423245205006034908e-01,7.423245205006034908e-01,2.246025286641701868e-01,2.246025286641701868e-01,0.000000000000000000e+00,0.000000000000000000e+00,0.000000000000000000e+00,0.000000000000000000e+00,0.000000000000000000e+00,0.000000000000000000e+00
3.912951749383642319e+00,3.912951749383642319e+00,3.912951749383642319e+00,2.516915676928705992e-01,2.516915676928705992e-01,1.443954516403405108e-01,1.443954516403405108e-01,0.000000000000000000e+00,0.000000000000000000e+00,0.000000000000000000e+00,0.000000000000000000e+00
1.027254418317316009e-01,4.447718620786389465e-02,1.434885654757422913e-02,0.000000000000000000e+00,0.000000000000000000e+00,0.000000000000000000e+00,0.000000000000000000e+00,0.000000000000000000e+00,0.000000000000000000e+00,0.000000000000000000e+00,0.000000000000000000e+00
1.140845395110967608e+00,1.872858247588364833e-01,3.443894707409356215e-03,0.000000000000000000e+00,0.000000000000000000e+00,0.000000000000000000e+00,0.000000000000000000e+00,0.000000000000000000e+00,0.000000000000000000e+00,0.000000000000000000e+00,0.000000000000000000e+00
7.459444523464409116e-02,7.459444523464409116e-02,7.459444523464409116e-02,0.000000000000000000e+00,0.000000000000000000e+00,0.000000000000000000e+00,0.000000000000000000e+00,0.000000000000000000e+00,0.000000000000000000e+00,0.000000000000000000e+00,0.000000000000000000e+00
5.685890087233449464e-01,1.121920636446915864e-02,1.121920636446915864e-02,0.000000000000000000e+00,0.000000000000000000e+00,0.000000000000000000e+00,0.000000000000000000e+00,0.000000000000000000e+00,0.000000000000000000e+00,0.000000000000000000e+00,0.000000000000000000e+00
2.347309977421854654e+00,8.335066700688198438e-01,8.335066700688198438e-01,0.000000000000000000e+00,0.000000000000000000e+00,0.000000000000000000e+00,0.000000000000000000e+00,0.000000000000000000e+00,0.000000000000000000e+00,0.000000000000000000e+00,0.000000000000000000e+00
1.093714189902184053e+00,7.015212980718144031e-01,7.015212980718144031e-01,7.015212980718144031e-01,7.015212980718144031e-01,7.015212980718144031e-01,7.015212980718144031e-01,7.015212980718144031e-01,9.807224417193793897e-02,0.000000000000000000e+00,0.000000000000000000e+00
2.311636111579775665e+00,5.549704600060145765e-02,5.549704600060145765e-02,0.000000000000000000e+00,0.000000000000000000e+00,0.000000000000000000e+00,0.000000000000000000e+00,0.000000000000000000e+00,0.000000000000000000e+00,0.000000000000000000e+00,0.000000000000000000e+00
3.601252391750437543e+00,3.601252391750437543e+00,3.601252391750437543e+00,3.601252391750437543e+00,3.601252391750437543e+00,3.601252391750437543e+00,6.759845858950734865e-01,6.759845858950734865e-01,0.000000000000000000e+00,0.000000000000000000e+00,0.000000000000000000e+00
