4.296295003750779884e+00,8.710579403624407746e-02,8.710579403624407746e-02,1.717027860315489818e-02,1.717027860315489818e-02,0.000000000000000000e+00,0.000000000000000000e+00,0.000000000000000000e+00,0.000000000000000000e+00,0.000000000000000000e+00,0.000000000000000000e+00
6.131111221602338901e-01,6.131111221602338901e-01,6.131111221602338901e-01,1.742534089357228311e-02,0.000000000000000000e+00,0.000000000000000000e+00,0.000000000000000000e+00,0.000000000000000000e+00,0.000000000000000000e+00,0.000000000000000000e+00,0.000000000000000000e+00
1.782468814758965792e+00,1.782468814758965792e+00,0.000000000000000000e+00,0.000000000000000000e+00,0.000000000000000000e+00,0.000000000000000000e+00,0.000000000000000000e+00,0.000000000000000000e+00,0.000000000000000000e+00,0.000000000000000000e+00,0.000000000000000000e+00
3.673296632021609831e+00,3.673296632021609831e+00,3.673296632021609831e+00,3.673296632021609831e+00,3.423269409451092926e+00,3.423269409451092926e+00,3.423269409451092926e+00,3.423269409451092926e+00,0.000000000000000000e+00,0.000000000000000000e+00,0.000000000000000000e+00
1.571046741841635619e+00,1.571046741841635619e+00,1.571046741841635619e+00,1.302179011385816487e+00,1.302179011385816487e+00,6.584640578171327974e-01,6.584640578171327974e-01,6.584640578171327974e-01,6.584640578171327974e-01,6.584640578171327974e-01,6.584640578171327974e-01
1.886485878109045000e+00,1.886485878109045000e+00,5.036482361747323111e-01,5.036482361747323111e-01,5.036482361747323111e-01,5.036482361747323111e-01,5.036482361747323111e-01,5.036482361747323111e-01,5.036482361747323111e-01,5.036482361747323111e-01,5.036482361747323111e-01
1.018184473394113887e+00,1.018184473394113887e+00,4.871910726266195368e-01,8.335402990310214477e-03,0.000000000000000000e+00,0.000000000000000000e+00,0.000000000000000000e+00,0.000000000000000000e+00,0.000000000000000000e+00,0.000000000000000000e+00,0.000000000000000000e+00
7.661174999579536404e-01,1.093222347523692406e-02,1.093222347523692406e-02,0.000000000000000000e+00,0.000000000000000000e+00,0.000000000000000000e+00,0.000000000000000000e+00,0.000000000000000000e+00,0.000000000000000000e+00,0.000000000000000000e+00,0.000000000000000000e+00
1.958768916495312595e-01,1.958768916495312595e-01,0.000000000000000000e+00,0.000000000000000000e+00,0.000000000000000000e+00,0.000000000000000000e+00,0.000000000000000000e+00,0.000000000000000000e+00,0.000000000000000000e+00,0.000000000000000000e+00,0.000000000000000000e+00
1.969125250295551410e-01,1.368724361163558001e-01,1.664989840335806548e-02,1.664989840335806548e-02,1.664989840335806548e-02,1.664989840335806548e-02,0.000000000000000000e+00,0.000000000000000000e+00,0.000000000000000000e+00,0.000000000000000000e+00,0.000000000000000000e+00
5.741125608134421299e+00,3.726206777090231625e+00,3.221287406343535054e+00,3.221287406343535054e+00,3.221287406343535054e+00,3.221287406343535054e+00,3.221287406343535054e+00,3.221287406343535054e+00,0.000000000000000000e+00,0.000000000000000000e+00,0.000000000000000000e+00
1.643800931837000157e+00,1.306513441387914920e+00,2.186391854040907745e-01,2.186391854040907745e-01,0.000000000000000000e+00,0.000000000000000000e+00,0.000000000000000000e+00,0.000000000000000000e+00,0.000000000000000000e+00,0.000000000000000000e+00,0.000000000000000000e+00
2.626773354302750718e+00,2.626773354302750718e+00,1.814137703817405800e+00,1.814137703817405800e+00,1.814137703817405800e+00,4.343339281028866239e-01,1.086802642065487490e-01,1.086802642065487490e-01,1.086802642065487490e-01,0.000000000000000000e+00,0.000000000000000000e+00
1.535447609203993480e+00,1.535447609203993480e+00,1.535447609203993480e+00,1.632262660180963110e-01,1.632262660180963110e-01,1.632262660180963110e-01,1.632262660180963110e-01,5.738125978709440744e-02,5.738125978709440744e-02,5.738125978709440744e-02,0.000000000000000000e+00
6.254167633373871382e+00,4.035033163487266705e+00,4.703971786747906947e-02,0.000000000000000000e+00,0.000000000000000000e+00,0.000000000000000000e+00,0.000000000000000000e+00,0.000000000000000000e+00,0.000000000000000000e+00,0.000000000000000000e+00,0.000000000000000000e+00
2.958384794732729972e+00,2.958384794732729972e+00,2.958384794732729972e+00,1.420562940545585739e+00,1.420562940545585739e+00,1.420562940545585739e+00,1.420562940545585739e+00,1.420562940545585739e+00,1.407156739654591426e+00,0.000000000000000000e+00,0.000000000000000000e+00
3.281291850643510255e+00,0.000000000000000000e+00,0.000000000000000000e+00,0.000000000000000000e+00,0.000000000000000000e+00,0.000000000000000000e+00,0.000000000000000000e+00,0.000000000000000000e+00,0.000000000000000000e+00,0.000000000000000000e+00,0.000000000000000000e+00
1.047706500413741360e+00,1.259438510912032072e-01,8.694804788753884850e-02,8.694804788753884850e-02,0.000000000000000000e+00,0.000000000000000000e+00,0.000000000000000000e+00,0.000000000000000000e+00,0.000000000000000000e+00,0.000000000000000000e+00,0.000000000000000000e+00
8.697640511725225343e-01,2.254779698844093794e-01,0.000000000000000000e+00,0.000000000000000000e+00,0.000000000000000000e+00,0.000000000000000000e+00,0.000000000000000000e+00,0.000000000000000000e+00,0.000000000000000000e+00,0.000000000000000000e+00,0.000000000000000000e+00
4.368564302067685645e-01,2.599144653706968455e-01,2.599144653706968455e-01,2.599144653706968455e-01,2.599144653706968455e-01,2.599144653706968455e-01,0.000000000000000000e+00,0.000000000000000000e+00,0.000000000000000000e+00,0.000000000000000000e+00,0.000000000000000000e+00
8.474327002489872029e-01,6.082499353678292309e-01,6.082499353678292309e-01,0.000000000000000000e+00,0.000000000000000000e+00,0.000000000000000000e+00,0.000000000000000000e+00,0.000000000000000000e+00,0.000000000000000000e+00,0.000000000000000000e+00,0.000000000000000000e+00
1.686610625588209622e+00,0.000000000000000000e+00,0.000000000000000000e+00,0.000000000000000000e+00,0.000000000000000000e+00,0.000000000000000000e+00,0.000000000000000000e+00,0.000000000000000000e+00,0.000000000000000000e+00,0.000000000000000000e+00,0.000000000000000000e+00
1.769653942622958276e+00,1.166184600541382288e+00,1.166184600541382288e+00,6.141911284778078794e-01,5.715462171747276443e-02,9.625419901933440769e-03,0.000000000000000000e+00,0.000000000000000000e+00,0.000000000000000000e+00,0.000000000000000000e+00,0.000000000000000000e+00
3.494307402844611943e-01,0.000000000000000000e+00,0.000000000000000000e+00,0.000000000000000000e+00,0.000000000000000000e+00,0.000000000000000000e+00,0.000000000000000000e+00,0.000000000000000000e+00,0.000000000000000000e+00,0.000000000000000000e+00,0.000000000000000000e+00
6.133106856614809921e+00,4.860899248294354713e+00,4.860899248294354713e+00,4.860899248294354713e+00,4.810332093160454292e+00,4.566455618661535709e-02,0.000000000000000000e+00,0.000000000000000000e+00,0.000000000000000000e+00,0.000000000000000000e+00,0.000000000000000000e+00
2.369787101929050621e+00,4.667379677084326772e-01,4.667379677084326772e-01,4.667379677084326772e-01,3.394261108515070902e-01,5.251996079267762241e-02,0.000000000000000000e+00,0.000000000000000000e+00,0.000000000000000000e+00,0.000000000000000000e+00,0.000000000000000000e+00
1.618024728534942724e+00,1.741364444217552432e-02,1.741364444217552432e-02,1.741364444217552432e-02,0.000000000000000000e+00,0.000000000000000000e+00,0.000000000000000000e+00,0.000000000000000000e+00,0.000000000000000000e+00,0.000000000000000000e+00,0.000000000000000000e+00
7.824666397159183440e-01,3.464076453766313790e-01,3.464076453766313790e-01,3.464076453766313790e-01,0.000000000000000000e+00,0.000000000000000000e+00,0.000000000000000000e+00,0.000000000000000000e+00,0.000000000000000000e+00,0.000000000000000000e+00,0.000000000000000000e+00
8.696487085527682126e-02,6.439260783245970288e-03,6.439260783245970288e-03,4.703174868882165072e-03,0.000000000000000000e+00,0.000000000000000000e+00,0.000000000000000000e+00,0.000000000000000000e+00,0.000000000000000000e+00,0.000000000000000000e+00,0.000000000000000000e+00
1.874816328041202684e+00,1.874816328041202684e+00,1.874816328041202684e+00,1.644199241280034585e+00,1.644199241280034585e+00,3.773243842950231297e-01,3.773243842950231297e-01,3.773243842950231297e-01,3.773243842950231297e-01,3.773243842950231297e-01,3.773243842950231297e-01
1.828600135459796050e+00,4.778051167084527151e-01,2.792851279318941948e-02,2.792851279318941948e-02,0.000000000000000000e+00,0.000000000000000000e+00,0.000000000000000000e+00,0.000000000000000000e+00,0.000000000000000000e+00,0.000000000000000000e+00,0.000000000000000000e+00
5.261350105621875883e-02,5.261350105621875883e-02,5.261350105621875883e-02,5.261350105621875883e-02,0.000000000000000000e+00,0.000000000000000000e+00,0.000000000000000000e+00,0.000000000000000000e+00,0.000000000000000000e+00,0.000000000000000000e+00,0.000000000000000000e+00
6.846259717776502995e+00,6.846259717776502995e+00,2.650333685821667729e+00,2.328443192492628100e+00,2.328443192492628100e+00,2.328443192492628100e+00,2.328443192492628100e+00,0.000000000000000000e+00,0.000000000000000000e+00,0.000000000000000000e+00,0.000000000000000000e+00
9.553882431470448466e-01,9.553882431470448466e-01,9.553882431470448466e-01,9.553882431470448466e-01,9.553882431470448466e-01,1.195520090642130384e-01,1.195520090642130384e-01,1.195520090642130384e-01,5.636781208379737507e-03,0.000000000000000000e+00,0.000000000000000000e+00
2.285647998712418083e+00,8.077103553182856110e-01,8.077103553182856110e-01,2.530952303662798997e-01,2.530952303662798997e-01,2.530952303662798997e-01,5.747831359908861515e-02,2.449270558469240910e-02,2.449270558469240910e-02,0.000000000000000000e+00,0.000000000000000000e+00
3.586783153753074771e-01,1.038409683764127678e-01,1.038409683764127678e-01,1.707311696358271291e-02,0.000000000000000000e+00,0.000000000000000000e+00,0.000000000000000000e+00,0.000000000000000000e+00,0.000000000000000000e+00,0.000000000000000000e+00,0.000000000000000000e+00
2.722507509815172089e+00,2.722507509815172089e+00,2.722507509815172089e+00,2.722507509815172089e+00,2.722507509815172089e+00,2.722507509815172089e+00,2.722507509815172089e+00,2.722507509815172089e+00,2.722507509815172089e+00,2.722507509815172089e+00,5.177811126902911454e-01
1.321596463415031231e+00,9.252023725034064228e-02,0.000000000000000000e+00,0.000000000000000000e+00,0.000000000000000000e+00,0.000000000000000000e+00,0.000000000000000000e+00,0.000000000000000000e+00,0.000000000000000000e+00,0.000000000000000000e+00,0.000000000000000000e+00
3.350624210419388405e+00,3.350624210419388405e+00,1.245391419487261508e+00,2.244799017843428501e-01,2.244799017843428501e-01,0.000000000000000000e+00,0.000000000000000000e+00,0.000000000000000000e+00,0.000000000000000000e+00,0.000000000000000000e+00,0.000000000000000000e+00
1.141546205407035330e+00,8.712271634987773794e-01,8.712271634987773794e-01,8.712271634987773794e-01,8.712271634987773794e-01,3.974917172064316162e-01,3.974917172064316162e-01,0.000000000000000000e+00,0.000000000000000000e+00,0.000000000000000000e+00,0.000000000000000000e+00
3.416297500749663651e+00,1.032562536912942086e+00,1.032562536912942086e+00,4.327421727936524576e-01,7.946104891704397488e-02,0.000000000000000000e+00,0.000000000000000000e+00,0.000000000000000000e+00,0.000000000000000000e+00,0.000000000000000000e+00,0.000000000000000000e+00
3.912951749383642319e+00,3.912951749383642319e+00,6.911998780088737249e-01,2.240260098460504778e-01,0.000000000000000000e+00,0.000000000000000000e+00,0.000000000000000000e+00,0.000000000000000000e+00,0.000000000000000000e+00,0.000000000000000000e+00,0.000000000000000000e+00
1.027254418317316009e-01,4.447718620786389465e-02,1.434885654757422913e-02,1.434885654757422913e-02,0.000000000000000000e+00,0.000000000000000000e+00,0.000000000000000000e+00,0.000000000000000000e+00,0.000000000000000000e+00,0.000000000000000000e+00,0.000000000000000000e+00
1.140845395110967608e+00,3.953120840264823244e-02,3.953120840264823244e-02,0.000000000000000000e+00,0.000000000000000000e+00,0.000000000000000000e+00,0.000000000000000000e+00,0.000000000000000000e+00,0.000000000000000000e+00,0.000000000000000000e+00,0.000000000000000000e+00
7.459444523464409116e-02,7.459444523464409116e-02,7.459444523464409116e-02,0.000000000000000000e+00,0.000000000000000000e+00,0.000000000000000000e+00,0.000000000000000000e+00,0.000000000000000000e+00,0.000000000000000000e+00,0.000000000000000000e+00,0.000000000000000000e+00
5.685890087233449464e-01,1.175317079480358018e-01,3.564502765179611288e-02,3.564502765179611288e-02,0.000000000000000000e+00,0.000000000000000000e+00,0.000000000000000000e+00,0.000000000000000000e+00,0.000000000000000000e+00,0.000000000000000000e+00,0.000000000000000000e+00
2.347309977421854654e+00,8.335066700688198438e-01,8.335066700688198438e-01,0.000000000000000000e+00,0.000000000000000000e+00,0.000000000000000000e+00,0.000000000000000000e+00,0.000000000000000000e+00,0.000000000000000000e+00,0.000000000000000000e+00,0.000000000000000000e+00
1.093714189902184053e+00,1.093714189902184053e+00,1.093714189902184053e+00,1.040645350872925423e+00,9.807224417193793897e-02,7.637060646118865037e-02,7.637060646118865037e-02,7.637060646118865037e-02,0.000000000000000000e+00,0.000000000000000000e+00,0.000000000000000000e+00
2.311636111579775665e+00,5.549704600060145765e-02,5.549704600060145765e-02,0.000000000000000000e+00,0.000000000000000000e+00,0.000000000000000000e+00,0.000000000000000000e+00,0.000000000000000000e+00,0.000000000000000000e+00,0.000000000000000000e+00,0.000000000000000000e+00
3.601252391750437543e+00,3.601252391750437543e+00,3.601252391750437543e+00,3.601252391750437543e+00,3.601252391750437543e+00,3.601252391750437543e+00,3.601252391750437543e+00,1.852595236088932396e+00,1.852595236088932396e+00,4.152918100461455708e-02,0.000000000000000000e+00
