4.296295003750779884e+00,2.898514830827938482e-01,8.710579403624407746e-02,8.335024589966089081e-02,0.000000000000000000e+00,0.000000000000000000e+00,0.000000000000000000e+00,0.000000000000000000e+00,0.000000000000000000e+00,0.000000000000000000e+00,0.000000000000000000e+00
6.131111221602338901e-01,4.302834871543108619e-01,4.302834871543108619e-01,3.036743402263297753e-02,1.742534089357228311e-02,8.124938744201060103e-03,0.000000000000000000e+00,0.000000000000000000e+00,0.000000000000000000e+00,0.000000000000000000e+00,0.000000000000000000e+00
1.782468814758965792e+00,1.782468814758965792e+00,1.111691085155861458e-01,2.483319234432457279e-02,0.000000000000000000e+00,0.000000000000000000e+00,0.000000000000000000e+00,0.000000000000000000e+00,0.000000000000000000e+00,0.000000000000000000e+00,0.000000000000000000e+00
3.673296632021609831e+00,3.673296632021609831e+00,3.673296632021609831e+00,3.673296632021609831e+00,3.376052774474434415e+00,3.376052774474434415e+00,3.376052774474434415e+00,3.376052774474434415e+00,0.000000000000000000e+00,0.000000000000000000e+00,0.000000000000000000e+00
1.571046741841635619e+00,8.241080147750707852e-01,8.241080147750707852e-01,2.932204052615148271e-01,1.887990003053054977e-01,1.887990003053054977e-01,0.000000000000000000e+00,0.000000000000000000e+00,0.000000000000000000e+00,0.000000000000000000e+00,0.000000000000000000e+00
1.886485878109045000e+00,1.886485878109045000e+00,2.454363722986929730e-01,2.454363722986929730e-01,2.454363722986929730e-01,0.000000000000000000e+00,0.000000000000000000e+00,0.000000000000000000e+00,0.000000000000000000e+00,0.000000000000000000e+00,0.000000000000000000e+00
1.018184473394113887e+00,1.018184473394113887e+00,7.491405754175133325e-01,7.491405754175133325e-01,7.414327711952495292e-02,8.335402990310214477e-03,0.000000000000000000e+00,0.000000000000000000e+00,0.000000000000000000e+00,0.000000000000000000e+00,0.000000000000000000e+00
7.661174999579536404e-01,3.135056152793271877e-01,7.909100958583437091e-02,1.093222347523692406e-02,1.093222347523692406e-02,0.000000000000000000e+00,0.000000000000000000e+00,0.000000000000000000e+00,0.000000000000000000e+00,0.000000000000000000e+00,0.000000000000000000e+00
1.958768916495312595e-01,1.084674572957435856e-01,1.084674572957435856e-01,0.000000000000000000e+00,0.000000000000000000e+00,0.000000000000000000e+00,0.000000000000000000e+00,0.000000000000000000e+00,0.000000000000000000e+00,0.000000000000000000e+00,0.000000000000000000e+00
1.969125250295551410e-01,1.364015990220455166e-01,1.364015990220455166e-01,2.877198521327706260e-02,2.877198521327706260e-02,0.000000000000000000e+00,0.000000000000000000e+00,0.000000000000000000e+00,0.000000000000000000e+00,0.000000000000000000e+00,0.000000000000000000e+00
5.741125608134421299e+00,4.579370238756386158e+00,4.569870734914603716e+00,4.569870734914603716e+00,4.456209086765461791e+00,3.640927670540760275e+00,3.187718124986068879e+00,3.187718124986068879e+00,0.000000000000000000e+00,0.000000000000000000e+00,0.000000000000000000e+00
1.643800931837000157e+00,7.394393710486850679e-01,7.394393710486850679e-01,0.000000000000000000e+00,0.000000000000000000e+00,0.000000000000000000e+00,0.000000000000000000e+00,0.000000000000000000e+00,0.000000000000000000e+00,0.000000000000000000e+00,0.000000000000000000e+00
2.626773354302750718e+00,2.304781409326118968e+00,2.304781409326118968e+00,1.836515171418319881e+00,1.836515171418319881e+00,1.836515171418319881e+00,9.515812459029024950e-01,1.103315616539530808e-01,0.000000000000000000e+00,0.000000000000000000e+00,0.000000000000000000e+00
1.535447609203993480e+00,1.535447609203993480e+00,1.535447609203993480e+00,1.535447609203993480e+00,1.632262660180963110e-01,1.632262660180963110e-01,7.039982790737742135e-02,1.871332622807919677e-03,1.871332622807919677e-03,1.871332622807919677e-03,0.000000000000000000e+00
6.254167633373871382e+00,4.035033163487266705e+00,4.035033163487266705e+00,4.703971786747906947e-02,4.703971786747906947e-02,0.000000000000000000e+00,0.000000000000000000e+00,0.000000000000000000e+00,0.000000000000000000e+00,0.000000000000000000e+00,0.000000000000000000e+00
2.958384794732729972e+00,2.958384794732729972e+00,2.958384794732729972e+00,1.239466718089051511e+00,1.239466718089051511e+00,1.239466718089051511e+00,1.239466718089051511e+00,1.239466718089051511e+00,1.239466718089051511e+00,1.239466718089051511e+00,1.737210097349226601e-01
3.281291850643510255e+00,1.622701225985057505e+00,1.303638855662573093e+00,1.303638855662573093e+00,0.000000000000000000e+00,0.000000000000000000e+00,0.000000000000000000e+00,0.000000000000000000e+00,0.000000000000000000e+00,0.000000000000000000e+00,0.000000000000000000e+00
1.047706500413741360e+00,1.047706500413741360e+00,5.343548074006401194e-01,3.239176742580998081e-01,8.371522840503597962e-02,0.000000000000000000e+00,0.000000000000000000e+00,0.000000000000000000e+00,0.000000000000000000e+00,0.000000000000000000e+00,0.000000000000000000e+00
8.697640511725225343e-01,1.771656270012376133e-01,6.429382425752927510e-02,5.325300411198918837e-02,0.000000000000000000e+00,0.000000000000000000e+00,0.000000000000000000e+00,0.000000000000000000e+00,0.000000000000000000e+00,0.000000000000000000e+00,0.000000000000000000e+00
4.368564302067685645e-01,5.367820057607985973e-02,5.367820057607985973e-02,0.000000000000000000e+00,0.000000000000000000e+00,0.000000000000000000e+00,0.000000000000000000e+00,0.000000000000000000e+00,0.000000000000000000e+00,0.000000000000000000e+00,0.000000000000000000e+00
8.474327002489872029e-01,2.104126952722840116e-01,2.104126952722840116e-01,0.000000000000000000e+00,0.000000000000000000e+00,0.000000000000000000e+00,0.000000000000000000e+00,0.000000000000000000e+00,0.000000000000000000e+00,0.000000000000000000e+00,0.000000000000000000e+00
1.686610625588209622e+00,0.000000000000000000e+00,0.000000000000000000e+00,0.000000000000000000e+00,0.000000000000000000e+00,0.000000000000000000e+00,0.000000000000000000e+00,0.000000000000000000e+00,0.000000000000000000e+00,0.000000000000000000e+00,0.000000000000000000e+00
1.769653942622958276e+00,1.138485336484679422e+00,1.138485336484679422e+00,5.715462171747276443e-02,5.715462171747276443e-02,9.625419901933440769e-03,0.000000000000000000e+00,0.000000000000000000e+00,0.000000000000000000e+00,0.000000000000000000e+00,0.000000000000000000e+00
3.494307402844611943e-01,8.184286101349869114e-02,0.000000000000000000e+00,0.000000000000000000e+00,0.000000000000000000e+00,0.000000000000000000e+00,0.000000000000000000e+00,0.000000000000000000e+00,0.000000000000000000e+00,0.000000000000000000e+00,0.000000000000000000e+00
6.133106856614809921e+00,5.367855731066792480e+00,5.367855731066792480e+00,5.367855731066792480e+00,4.810332093160454292e+00,0.000000000000000000e+00,0.000000000000000000e+00,0.000000000000000000e+00,0.000000000000000000e+00,0.000000000000000000e+00,0.000000000000000000e+00
2.369787101929050621e+00,9.467572821680683148e-01,9.467572821680683148e-01,3.004167785500815313e-01,3.004167785500815313e-01,3.004167785500815313e-01,7.844871856090840367e-02,7.844871856090840367e-02,7.844871856090840367e-02,0.000000000000000000e+00,0.000000000000000000e+00
1.618024728534942724e+00,1.864392438916144812e-01,1.038051980208951619e-01,1.001367565264468240e-01,0.000000000000000000e+00,0.000000000000000000e+00,0.000000000000000000e+00,0.000000000000000000e+00,0.000000000000000000e+00,0.000000000000000000e+00,0.000000000000000000e+00
7.824666397159183440e-01,7.741008643195255168e-01,7.741008643195255168e-01,7.326753993832944012e-01,0.000000000000000000e+00,0.000000000000000000e+00,0.000000000000000000e+00,0.000000000000000000e+00,0.000000000000000000e+00,0.000000000000000000e+00,0.000000000000000000e+00
8.696487085527682126e-02,0.000000000000000000e+00,0.000000000000000000e+00,0.000000000000000000e+00,0.000000000000000000e+00,0.000000000000000000e+00,0.000000000000000000e+00,0.000000000000000000e+00,0.000000000000000000e+00,0.000000000000000000e+00,0.000000000000000000e+00
1.874816328041202684e+00,1.874816328041202684e+00,1.874816328041202684e+00,1.445870669509679018e-01,1.445870669509679018e-01,1.445870669509679018e-01,1.445870669509679018e-01,1.445870669509679018e-01,1.445870669509679018e-01,1.445870669509679018e-01,1.445870669509679018e-01
1.828600135459796050e+00,4.606699012598438614e-01,1.652715584027379947e-01,7.251455389987793154e-02,2.792851279318941948e-02,2.792851279318941948e-02,0.000000000000000000e+00,0.000000000000000000e+00,0.000000000000000000e+00,0.000000000000000000e+00,0.000000000000000000e+00
5.261350105621875883e-02,5.261350105621875883e-02,5.261350105621875883e-02,0.000000000000000000e+00,0.000000000000000000e+00,0.000000000000000000e+00,0.000000000000000000e+00,0.000000000000000000e+00,0.000000000000000000e+00,0.000000000000000000e+00,0.000000000000000000e+00
6.846259717776502995e+00,6.846259717776502995e+00,2.698157759003733780e+00,2.242743886666209718e+00,2.242743886666209718e+00,2.242743886666209718e+00,2.242743886666209718e+00,0.000000000000000000e+00,0.000000000000000000e+00,0.000000000000000000e+00,0.000000000000000000e+00
9.553882431470448466e-01,8.372588847602644435e-01,8.372588847602644435e-01,8.372588847602644435e-01,8.372588847602644435e-01,1.106690329632229464e-01,8.699357330879209371e-02,8.699357330879209371e-02,5.636781208379737507e-03,5.636781208379737507e-03,0.000000000000000000e+00
2.285647998712418083e+00,7.577914386997397500e-02,7.577914386997397500e-02,7.577914386997397500e-02,7.577914386997397500e-02,7.577914386997397500e-02,7.577914386997397500e-02,7.577914386997397500e-02,7.577914386997397500e-02,5.747831359908861515e-02,5.747831359908861515e-02
3.586783153753074771e-01,1.311849813480359117e-01,1.038409683764127678e-01,1.038409683764127678e-01,1.479087877166662679e-03,0.000000000000000000e+00,0.000000000000000000e+00,0.000000000000000000e+00,0.000000000000000000e+00,0.000000000000000000e+00,0.000000000000000000e+00
2.722507509815172089e+00,2.722507509815172089e+00,2.722507509815172089e+00,2.722507509815172089e+00,2.722507509815172089e+00,2.722507509815172089e+00,2.722507509815172089e+00,2.722507509815172089e+00,2.722507509815172089e+00,2.722507509815172089e+00,2.722507509815172089e+00
1.321596463415031231e+00,6.600686472226877655e-01,3.527208788554414554e-02,7.769097373999223066e-03,7.769097373999223066e-03,7.769097373999223066e-03,7.769097373999223066e-03,0.000000000000000000e+00,0.000000000000000000e+00,0.000000000000000000e+00,0.000000000000000000e+00
3.350624210419388405e+00,2.644991459001106993e+00,2.644991459001106993e+00,2.644991459001106993e+00,1.245391419487261508e+00,1.302111720038556797e-01,0.000000000000000000e+00,0.000000000000000000e+00,0.000000000000000000e+00,0.000000000000000000e+00,0.000000000000000000e+00
1.141546205407035330e+00,3.774343516069578186e-01,3.774343516069578186e-01,3.774343516069578186e-01,3.774343516069578186e-01,3.774343516069578186e-01,3.774343516069578186e-01,1.372364344805028225e-01,0.000000000000000000e+00,0.000000000000000000e+00,0.000000000000000000e+00
3.416297500749663651e+00,8.726064121078405122e-01,8.726064121078405122e-01,3.159070048994729873e-01,5.530797924187869086e-02,5.449351895931009437e-02,1.770348366740304158e-02,0.000000000000000000e+00,0.000000000000000000e+00,0.000000000000000000e+00,0.000000000000000000e+00
3.912951749383642319e+00,3.912951749383642319e+00,1.435154298448262367e-01,1.435154298448262367e-01,1.435154298448262367e-01,1.256565405466769647e-02,1.256565405466769647e-02,0.000000000000000000e+00,0.000000000000000000e+00,0.000000000000000000e+00,0.000000000000000000e+00
1.027254418317316009e-01,4.447718620786389465e-02,1.434885654757422913e-02,0.000000000000000000e+00,0.000000000000000000e+00,0.000000000000000000e+00,0.000000000000000000e+00,0.000000000000000000e+00,0.000000000000000000e+00,0.000000000000000000e+00,0.000000000000000000e+00
1.140845395110967608e+00,8.692060710923588118e-02,6.859430574326985663e-02,3.218647852817646537e-02,3.443894707409356215e-03,0.000000000000000000e+00,0.000000000000000000e+00,0.000000000000000000e+00,0.000000000000000000e+00,0.000000000000000000e+00,0.000000000000000000e+00
7.459444523464409116e-02,7.459444523464409116e-02,4.566698446727723848e-02,0.000000000000000000e+00,0.000000000000000000e+00,0.000000000000000000e+00,0.000000000000000000e+00,0.000000000000000000e+00,0.000000000000000000e+00,0.000000000000000000e+00,0.000000000000000000e+00
5.685890087233449464e-01,1.121920636446915864e-02,1.121920636446915864e-02,0.000000000000000000e+00,0.000000000000000000e+00,0.000000000000000000e+00,0.000000000000000000e+00,0.000000000000000000e+00,0.000000000000000000e+00,0.000000000000000000e+00,0.000000000000000000e+00
2.347309977421854654e+00,8.335066700688198438e-01,8.335066700688198438e-01,1.233138008792575846e-01,1.586896902104228957e-03,1.586896902104228957e-03,1.586896902104228957e-03,0.000000000000000000e+00,0.000000000000000000e+00,0.000000000000000000e+00,0.000000000000000000e+00
1.093714189902184053e+00,8.630126340974846322e-01,8.630126340974846322e-01,7.950507542984270870e-01,7.950507542984270870e-01,7.950507542984270870e-01,7.950507542984270870e-01,7.950507542984270870e-01,7.950507542984270870e-01,7.950507542984270870e-01,9.807224417193793897e-02
2.311636111579775665e+00,5.849804024067548625e-01,1.728988224855312339e-01,5.549704600060145765e-02,0.000000000000000000e+00,0.000000000000000000e+00,0.000000000000000000e+00,0.000000000000000000e+00,0.000000000000000000e+00,0.000000000000000000e+00,0.000000000000000000e+00
3.601252391750437543e+00,3.601252391750437543e+00,3.601252391750437543e+00,3.601252391750437543e+00,3.601252391750437543e+00,3.601252391750437543e+00,4.152918100461455708e-02,0.000000000000000000e+00,0.000000000000000000e+00,0.000000000000000000e+00,0.000000000000000000e+00
