4.296295003750779884e+00,1.112030608026803868e+00,8.710579403624407746e-02,8.710579403624407746e-02,1.717027860315489818e-02,0.000000000000000000e+00,0.000000000000000000e+00,0.000000000000000000e+00,0.000000000000000000e+00,0.000000000000000000e+00,0.000000000000000000e+00
6.131111221602338901e-01,6.131111221602338901e-01,6.131111221602338901e-01,1.203595621626796230e-01,5.935340289704349459e-02,0.000000000000000000e+00,0.000000000000000000e+00,0.000000000000000000e+00,0.000000000000000000e+00,0.000000000000000000e+00,0.000000000000000000e+00
1.782468814758965792e+00,1.782468814758965792e+00,1.111691085155861458e-01,1.111691085155861458e-01,0.000000000000000000e+00,0.000000000000000000e+00,0.000000000000000000e+00,0.000000000000000000e+00,0.000000000000000000e+00,0.000000000000000000e+00,0.000000000000000000e+00
3.673296632021609831e+00,3.673296632021609831e+00,3.365352435624661354e+00,3.365352435624661354e+00,3.365352435624661354e+00,3.364054982521368586e+00,3.300958729697813787e+00,3.300958729697813787e+00,3.296197627989203127e+00,3.269078551666462218e+00,3.269078551666462218e+00
1.571046741841635619e+00,1.571046741841635619e+00,1.571046741841635619e+00,1.571046741841635619e+00,9.824235731394095339e-01,9.824235731394095339e-01,3.715824553728115376e-01,3.715824553728115376e-01,3.715824553728115376e-01,3.715824553728115376e-01,3.715824553728115376e-01
1.886485878109045000e+00,1.886485878109045000e+00,4.689676737099928161e-01,4.689676737099928161e-01,4.689676737099928161e-01,4.689676737099928161e-01,4.689676737099928161e-01,1.926821656886241740e-01,5.646720800235360826e-02,5.646720800235360826e-02,5.646720800235360826e-02
1.018184473394113887e+00,1.018184473394113887e+00,4.871910726266195368e-01,4.871910726266195368e-01,0.000000000000000000e+00,0.000000000000000000e+00,0.000000000000000000e+00,0.000000000000000000e+00,0.000000000000000000e+00,0.000000000000000000e+00,0.000000000000000000e+00
7.661174999579536404e-01,1.093222347523692406e-02,1.093222347523692406e-02,1.093222347523692406e-02,0.000000000000000000e+00,0.000000000000000000e+00,0.000000000000000000e+00,0.000000000000000000e+00,0.000000000000000000e+00,0.000000000000000000e+00,0.000000000000000000e+00
1.958768916495312595e-01,1.958768916495312595e-01,2.026572160393769195e-02,2.026572160393769195e-02,0.000000000000000000e+00,0.000000000000000000e+00,0.000000000000000000e+00,0.000000000000000000e+00,0.000000000000000000e+00,0.000000000000000000e+00,0.000000000000000000e+00
1.969125250295551410e-01,1.368724361163558001e-01,2.877198521327706260e-02,1.664989840335806548e-02,1.664989840335806548e-02,1.664989840335806548e-02,1.664989840335806548e-02,1.664989840335806548e-02,0.000000000000000000e+00,0.000000000000000000e+00,0.000000000000000000e+00
5.741125608134421299e+00,3.656289417270247810e+00,3.157839990915269013e+00,3.157839990915269013e+00,3.157839990915269013e+00,3.157839990915269013e+00,1.262925864183337410e-01,0.000000000000000000e+00,0.000000000000000000e+00,0.000000000000000000e+00,0.000000000000000000e+00
1.643800931837000157e+00,1.306513441387914920e+00,2.186391854040907745e-01,2.186391854040907745e-01,0.000000000000000000e+00,0.000000000000000000e+00,0.000000000000000000e+00,0.000000000000000000e+00,0.000000000000000000e+00,0.000000000000000000e+00,0.000000000000000000e+00
2.626773354302750718e+00,2.061937870051258059e+00,1.892454081010733979e+00,1.866860650565453916e+00,1.866860650565453916e+00,1.836515171418319881e+00,1.836515171418319881e+00,1.836515171418319881e+00,9.515812459029024950e-01,1.086802642065487490e-01,1.086802642065487490e-01
1.535447609203993480e+00,1.535447609203993480e+00,1.535447609203993480e+00,1.535447609203993480e+00,2.337922050918930239e-01,2.337922050918930239e-01,1.734060510099171282e-01,0.000000000000000000e+00,0.000000000000000000e+00,0.000000000000000000e+00,0.000000000000000000e+00
6.254167633373871382e+00,5.621433020758511034e+00,4.035033163487266705e+00,4.703971786747906947e-02,4.703971786747906947e-02,4.703971786747906947e-02,0.000000000000000000e+00,0.000000000000000000e+00,0.000000000000000000e+00,0.000000000000000000e+00,0.000000000000000000e+00
2.958384794732729972e+00,2.958384794732729972e+00,2.958384794732729972e+00,1.417978586197699009e+00,1.240950882651892684e+00,1.240950882651892684e+00,1.240950882651892684e+00,1.240950882651892684e+00,1.240950882651892684e+00,1.625099842850907805e-02,1.625099842850907805e-02
3.281291850643510255e+00,0.000000000000000000e+00,0.000000000000000000e+00,0.000000000000000000e+00,0.000000000000000000e+00,0.000000000000000000e+00,0.000000000000000000e+00,0.000000000000000000e+00,0.000000000000000000e+00,0.000000000000000000e+00,0.000000000000000000e+00
1.047706500413741360e+00,3.413686765423484815e-02,3.413686765423484815e-02,3.413686765423484815e-02,3.413686765423484815e-02,3.413686765423484815e-02,3.413686765423484815e-02,3.413686765423484815e-02,3.413686765423484815e-02,3.413686765423484815e-02,0.000000000000000000e+00
8.697640511725225343e-01,8.697640511725225343e-01,8.697640511725225343e-01,0.000000000000000000e+00,0.000000000000000000e+00,0.000000000000000000e+00,0.000000000000000000e+00,0.000000000000000000e+00,0.000000000000000000e+00,0.000000000000000000e+00,0.000000000000000000e+00
4.368564302067685645e-01,2.599144653706968455e-01,5.367820057607985973e-02,5.367820057607985973e-02,5.367820057607985973e-02,5.367820057607985973e-02,5.367820057607985973e-02,0.000000000000000000e+00,0.000000000000000000e+00,0.000000000000000000e+00,0.000000000000000000e+00
8.474327002489872029e-01,5.162626204208820013e-02,5.162626204208820013e-02,5.162626204208820013e-02,5.162626204208820013e-02,0.000000000000000000e+00,0.000000000000000000e+00,0.000000000000000000e+00,0.000000000000000000e+00,0.000000000000000000e+00,0.000000000000000000e+00
1.686610625588209622e+00,0.000000000000000000e+00,0.000000000000000000e+00,0.000000000000000000e+00,0.000000000000000000e+00,0.000000000000000000e+00,0.000000000000000000e+00,0.000000000000000000e+00,0.000000000000000000e+00,0.000000000000000000e+00,0.000000000000000000e+00
1.769653942622958276e+00,1.769653942622958276e+00,1.769653942622958276e+00,9.625419901933440769e-03,9.625419901933440769e-03,9.625419901933440769e-03,9.625419901933440769e-03,0.000000000000000000e+00,0.000000000000000000e+00,0.000000000000000000e+00,0.000000000000000000e+00
3.494307402844611943e-01,1.398727661421981239e-01,0.000000000000000000e+00,0.000000000000000000e+00,0.000000000000000000e+00,0.000000000000000000e+00,0.000000000000000000e+00,0.000000000000000000e+00,0.000000000000000000e+00,0.000000000000000000e+00,0.000000000000000000e+00
6.133106856614809921e+00,5.555825430759678163e+00,5.555825430759678163e+00,5.555825430759678163e+00,5.555825430759678163e+00,4.644450203883165429e+00,4.644450203883165429e+00,4.644450203883165429e+00,4.644450203883165429e+00,4.644450203883165429e+00,1.032666792794803001e+00
2.369787101929050621e+00,4.095993849688195354e-01,4.095993849688195354e-01,4.095993849688195354e-01,3.217197821664932178e-01,3.217197821664932178e-01,1.521133610178786455e-01,1.521133610178786455e-01,0.000000000000000000e+00,0.000000000000000000e+00,0.000000000000000000e+00
1.618024728534942724e+00,1.741364444217552432e-02,1.741364444217552432e-02,1.741364444217552432e-02,1.741364444217552432e-02,1.741364444217552432e-02,1.741364444217552432e-02,1.741364444217552432e-02,1.741364444217552432e-02,1.741364444217552432e-02,0.000000000000000000e+00
7.824666397159183440e-01,6.854997812008623015e-02,6.854997812008623015e-02,6.854997812008623015e-02,6.854997812008623015e-02,6.854997812008623015e-02,6.854997812008623015e-02,0.000000000000000000e+00,0.000000000000000000e+00,0.000000000000000000e+00,0.000000000000000000e+00
8.696487085527682126e-02,8.696487085527682126e-02,4.703174868882165072e-03,4.703174868882165072e-03,4.703174868882165072e-03,4.703174868882165072e-03,4.703174868882165072e-03,4.703174868882165072e-03,4.703174868882165072e-03,4.703174868882165072e-03,0.000000000000000000e+00
1.874816328041202684e+00,1.874816328041202684e+00,1.874816328041202684e+00,3.080036650279440735e-01,3.080036650279440735e-01,3.080036650279440735e-01,3.080036650279440735e-01,3.080036650279440735e-01,3.080036650279440735e-01,3.080036650279440735e-01,2.418066753000767122e-01
1.828600135459796050e+00,4.606699012598438614e-01,0.000000000000000000e+00,0.000000000000000000e+00,0.000000000000000000e+00,0.000000000000000000e+00,0.000000000000000000e+00,0.000000000000000000e+00,0.000000000000000000e+00,0.000000000000000000e+00,0.000000000000000000e+00
5.261350105621875883e-02,5.261350105621875883e-02,5.261350105621875883e-02,0.000000000000000000e+00,0.000000000000000000e+00,0.000000000000000000e+00,0.000000000000000000e+00,0.000000000000000000e+00,0.000000000000000000e+00,0.000000000000000000e+00,0.000000000000000000e+00
6.846259717776502995e+00,6.846259717776502995e+00,2.721515217414788523e+00,2.698157759003733780e+00,2.698157759003733780e+00,2.698157759003733780e+00,2.328443192492628100e+00,2.242743886666209718e+00,9.384875954948590504e-01,1.403995720899082755e-01,3.058514835386638708e-02
9.553882431470448466e-01,9.553882431470448466e-01,9.553882431470448466e-01,9.553882431470448466e-01,8.174109283769315226e-01,8.174109283769315226e-01,3.453110224136084483e-01,3.453110224136084483e-01,3.453110224136084483e-01,2.878987528155461106e-01,5.636781208379737507e-03
2.285647998712418083e+00,8.077103553182856110e-01,8.077103553182856110e-01,2.530952303662798997e-01,2.530952303662798997e-01,5.747831359908861515e-02,5.747831359908861515e-02,0.000000000000000000e+00,0.000000000000000000e+00,0.000000000000000000e+00,0.000000000000000000e+00
3.586783153753074771e-01,3.586783153753074771e-01,3.586783153753074771e-01,3.586783153753074771e-01,3.586783153753074771e-01,3.586783153753074771e-01,1.311849813480359117e-01,1.311849813480359117e-01,1.311849813480359117e-01,1.311849813480359117e-01,1.311849813480359117e-01
2.722507509815172089e+00,2.722507509815172089e+00,2.722507509815172089e+00,2.722507509815172089e+00,2.722507509815172089e+00,2.722507509815172089e+00,2.722507509815172089e+00,2.722507509815172089e+00,2.722507509815172089e+00,2.198627382183086176e+00,2.198627382183086176e+00
1.321596463415031231e+00,9.252023725034064228e-02,9.252023725034064228e-02,9.252023725034064228e-02,7.769097373999223066e-03,7.769097373999223066e-03,7.769097373999223066e-03,7.769097373999223066e-03,7.769097373999223066e-03,7.769097373999223066e-03,7.769097373999223066e-03
3.350624210419388405e+00,2.644991459001106993e+00,2.644991459001106993e+00,2.644991459001106993e+00,1.245391419487261508e+00,2.608961440831158995e-02,2.608961440831158995e-02,0.000000000000000000e+00,0.000000000000000000e+00,0.000000000000000000e+00,0.000000000000000000e+00
1.141546205407035330e+00,8.712271634987773794e-01,3.123989254165930873e-01,3.123989254165930873e-01,3.123989254165930873e-01,3.123989254165930873e-01,1.848486435153962049e-02,1.848486435153962049e-02,0.000000000000000000e+00,0.000000000000000000e+00,0.000000000000000000e+00
3.416297500749663651e+00,1.684757370860403114e+00,6.516882344682279893e-01,6.516882344682279893e-01,2.035015320994313370e-01,2.035015320994313370e-01,2.035015320994313370e-01,2.035015320994313370e-01,2.035015320994313370e-01,5.449351895931009437e-02,5.449351895931009437e-02
3.912951749383642319e+00,3.912951749383642319e+00,1.443954516403405108e-01,1.443954516403405108e-01,1.443954516403405108e-01,0.000000000000000000e+00,0.000000000000000000e+00,0.000000000000000000e+00,0.000000000000000000e+00,0.000000000000000000e+00,0.000000000000000000e+00
1.027254418317316009e-01,1.027254418317316009e-01,4.447718620786389465e-02,4.447718620786389465e-02,1.434885654757422913e-02,1.434885654757422913e-02,1.434885654757422913e-02,1.434885654757422913e-02,1.434885654757422913e-02,0.000000000000000000e+00,0.000000000000000000e+00
1.140845395110967608e+00,3.953120840264823244e-02,3.953120840264823244e-02,3.953120840264823244e-02,3.953120840264823244e-02,3.443894707409356215e-03,3.443894707409356215e-03,3.443894707409356215e-03,3.443894707409356215e-03,3.443894707409356215e-03,3.443894707409356215e-03
7.459444523464409116e-02,7.459444523464409116e-02,7.459444523464409116e-02,7.459444523464409116e-02,7.459444523464409116e-02,7.459444523464409116e-02,7.642754468493606623e-03,7.642754468493606623e-03,7.642754468493606623e-03,0.000000000000000000e+00,0.000000000000000000e+00
5.685890087233449464e-01,1.121920636446915864e-02,1.121920636446915864e-02,1.121920636446915864e-02,1.121920636446915864e-02,1.121920636446915864e-02,1.121920636446915864e-02,1.121920636446915864e-02,0.000000000000000000e+00,0.000000000000000000e+00,0.000000000000000000e+00
2.347309977421854654e+00,8.335066700688198438e-01,8.335066700688198438e-01,0.000000000000000000e+00,0.000000000000000000e+00,0.000000000000000000e+00,0.000000000000000000e+00,0.000000000000000000e+00,0.000000000000000000e+00,0.000000000000000000e+00,0.000000000000000000e+00
1.093714189902184053e+00,1.093714189902184053e+00,1.093714189902184053e+00,7.950507542984270870e-01,7.950507542984270870e-01,9.807224417193793897e-02,9.807224417193793897e-02,9.807224417193793897e-02,9.807224417193793897e-02,9.807224417193793897e-02,9.807224417193793897e-02
2.311636111579775665e+00,2.438560956090762843e-01,2.438560956090762843e-01,0.000000000000000000e+00,0.000000000000000000e+00,0.000000000000000000e+00,0.000000000000000000e+00,0.000000000000000000e+00,0.000000000000000000e+00,0.000000000000000000e+00,0.000000000000000000e+00
3.601252391750437543e+00,3.601252391750437543e+00,3.601252391750437543e+00,3.601252391750437543e+00,3.601252391750437543e+00,3.601252391750437543e+00,1.665209570273309403e+00,1.665209570273309403e+00,1.665209570273309403e+00,4.152918100461455708e-02,4.152918100461455708e-02
