4.296295003750779884e+00,1.112030608026803868e+00,2.898514830827938482e-01,8.710579403624407746e-02,8.335024589966089081e-02,0.000000000000000000e+00,0.000000000000000000e+00,0.000000000000000000e+00,0.000000000000000000e+00,0.000000000000000000e+00,0.000000000000000000e+00
6.131111221602338901e-01,6.131111221602338901e-01,1.203595621626796230e-01,1.742534089357228311e-02,0.000000000000000000e+00,0.000000000000000000e+00,0.000000000000000000e+00,0.000000000000000000e+00,0.000000000000000000e+00,0.000000000000000000e+00,0.000000000000000000e+00
1.782468814758965792e+00,1.782468814758965792e+00,3.508914123629871540e-01,2.483319234432457279e-02,0.000000000000000000e+00,0.000000000000000000e+00,0.000000000000000000e+00,0.000000000000000000e+00,0.000000000000000000e+00,0.000000000000000000e+00,0.000000000000000000e+00
3.673296632021609831e+00,3.673296632021609831e+00,3.365352435624661354e+00,3.365352435624661354e+00,3.365352435624661354e+00,3.364054982521368586e+00,3.300958729697813787e+00,3.300958729697813787e+00,3.296197627989203127e+00,3.269078551666462218e+00,3.269078551666462218e+00
1.571046741841635619e+00,1.271616804551806812e+00,2.754836780141598496e-01,2.754836780141598496e-01,6.732163721272854673e-02,0.000000000000000000e+00,0.000000000000000000e+00,0.000000000000000000e+00,0.000000000000000000e+00,0.000000000000000000e+00,0.000000000000000000e+00
1.886485878109045000e+00,1.886485878109045000e+00,1.886485878109045000e+00,5.693969195161585617e-02,5.693969195161585617e-02,5.693969195161585617e-02,0.000000000000000000e+00,0.000000000000000000e+00,0.000000000000000000e+00,0.000000000000000000e+00,0.000000000000000000e+00
1.018184473394113887e+00,1.018184473394113887e+00,7.491405754175133325e-01,7.491405754175133325e-01,7.414327711952495292e-02,0.000000000000000000e+00,0.000000000000000000e+00,0.000000000000000000e+00,0.000000000000000000e+00,0.000000000000000000e+00,0.000000000000000000e+00
7.661174999579536404e-01,7.909100958583437091e-02,1.093222347523692406e-02,0.000000000000000000e+00,0.000000000000000000e+00,0.000000000000000000e+00,0.000000000000000000e+00,0.000000000000000000e+00,0.000000000000000000e+00,0.000000000000000000e+00,0.000000000000000000e+00
1.958768916495312595e-01,1.084674572957435856e-01,1.084674572957435856e-01,0.000000000000000000e+00,0.000000000000000000e+00,0.000000000000000000e+00,0.000000000000000000e+00,0.000000000000000000e+00,0.000000000000000000e+00,0.000000000000000000e+00,0.000000000000000000e+00
1.969125250295551410e-01,1.368724361163558001e-01,1.664989840335806548e-02,1.664989840335806548e-02,1.664989840335806548e-02,1.664989840335806548e-02,0.000000000000000000e+00,0.000000000000000000e+00,0.000000000000000000e+00,0.000000000000000000e+00,0.000000000000000000e+00
5.741125608134421299e+00,3.656289417270247810e+00,3.157839990915269013e+00,3.157839990915269013e+00,3.157839990915269013e+00,3.157839990915269013e+00,1.262925864183337410e-01,0.000000000000000000e+00,0.000000000000000000e+00,0.000000000000000000e+00,0.000000000000000000e+00
1.643800931837000157e+00,1.040875596928850122e+00,2.601573626028041986e-02,2.601573626028041986e-02,0.000000000000000000e+00,0.000000000000000000e+00,0.000000000000000000e+00,0.000000000000000000e+00,0.000000000000000000e+00,0.000000000000000000e+00,0.000000000000000000e+00
2.626773354302750718e+00,2.061937870051258059e+00,1.892454081010733979e+00,1.866860650565453916e+00,1.866860650565453916e+00,1.836515171418319881e+00,1.836515171418319881e+00,1.836515171418319881e+00,9.515812459029024950e-01,0.000000000000000000e+00,0.000000000000000000e+00
1.535447609203993480e+00,1.535447609203993480e+00,1.535447609203993480e+00,1.535447609203993480e+00,3.936893818084818975e-02,1.871332622807919677e-03,1.871332622807919677e-03,0.000000000000000000e+00,0.000000000000000000e+00,0.000000000000000000e+00,0.000000000000000000e+00
6.254167633373871382e+00,5.621433020758511034e+00,4.035033163487266705e+00,4.703971786747906947e-02,0.000000000000000000e+00,0.000000000000000000e+00,0.000000000000000000e+00,0.000000000000000000e+00,0.000000000000000000e+00,0.000000000000000000e+00,0.000000000000000000e+00
2.958384794732729972e+00,2.958384794732729972e+00,2.537280899819321256e+00,1.417978586197699009e+00,1.417978586197699009e+00,1.239466718089051511e+00,1.239466718089051511e+00,1.239466718089051511e+00,1.239466718089051511e+00,1.239466718089051511e+00,1.239466718089051511e+00
3.281291850643510255e+00,1.622701225985057505e+00,1.303638855662573093e+00,0.000000000000000000e+00,0.000000000000000000e+00,0.000000000000000000e+00,0.000000000000000000e+00,0.000000000000000000e+00,0.000000000000000000e+00,0.000000000000000000e+00,0.000000000000000000e+00
1.047706500413741360e+00,8.371522840503597962e-02,3.413686765423484815e-02,0.000000000000000000e+00,0.000000000000000000e+00,0.000000000000000000e+00,0.000000000000000000e+00,0.000000000000000000e+00,0.000000000000000000e+00,0.000000000000000000e+00,0.000000000000000000e+00
8.697640511725225343e-01,6.429382425752927510e-02,5.325300411198918837e-02,0.000000000000000000e+00,0.000000000000000000e+00,0.000000000000000000e+00,0.000000000000000000e+00,0.000000000000000000e+00,0.000000000000000000e+00,0.000000000000000000e+00,0.000000000000000000e+00
4.368564302067685645e-01,5.367820057607985973e-02,5.367820057607985973e-02,0.000000000000000000e+00,0.000000000000000000e+00,0.000000000000000000e+00,0.000000000000000000e+00,0.000000000000000000e+00,0.000000000000000000e+00,0.000000000000000000e+00,0.000000000000000000e+00
8.474327002489872029e-01,5.162626204208820013e-02,5.162626204208820013e-02,0.000000000000000000e+00,0.000000000000000000e+00,0.000000000000000000e+00,0.000000000000000000e+00,0.000000000000000000e+00,0.000000000000000000e+00,0.000000000000000000e+00,0.000000000000000000e+00
1.686610625588209622e+00,0.000000000000000000e+00,0.000000000000000000e+00,0.000000000000000000e+00,0.000000000000000000e+00,0.000000000000000000e+00,0.000000000000000000e+00,0.000000000000000000e+00,0.000000000000000000e+00,0.000000000000000000e+00,0.000000000000000000e+00
1.769653942622958276e+00,1.138485336484679422e+00,1.138485336484679422e+00,5.715462171747276443e-02,5.715462171747276443e-02,9.625419901933440769e-03,0.000000000000000000e+00,0.000000000000000000e+00,0.000000000000000000e+00,0.000000000000000000e+00,0.000000000000000000e+00
3.494307402844611943e-01,0.000000000000000000e+00,0.000000000000000000e+00,0.000000000000000000e+00,0.000000000000000000e+00,0.000000000000000000e+00,0.000000000000000000e+00,0.000000000000000000e+00,0.000000000000000000e+00,0.000000000000000000e+00,0.000000000000000000e+00
6.133106856614809921e+00,5.555825430759678163e+00,5.555825430759678163e+00,5.555825430759678163e+00,5.555825430759678163e+00,4.644450203883165429e+00,4.644450203883165429e+00,4.644450203883165429e+00,4.644450203883165429e+00,4.644450203883165429e+00,1.032666792794803001e+00
2.369787101929050621e+00,6.647103134100280641e-01,4.465560959745165093e-01,4.465560959745165093e-01,2.573211500677032859e-01,2.573211500677032859e-01,5.318443696918784269e-02,5.251996079267762241e-02,0.000000000000000000e+00,0.000000000000000000e+00,0.000000000000000000e+00
1.618024728534942724e+00,1.001367565264468240e-01,1.741364444217552432e-02,0.000000000000000000e+00,0.000000000000000000e+00,0.000000000000000000e+00,0.000000000000000000e+00,0.000000000000000000e+00,0.000000000000000000e+00,0.000000000000000000e+00,0.000000000000000000e+00
7.824666397159183440e-01,5.876177803490967300e-01,5.876177803490967300e-01,5.876177803490967300e-01,0.000000000000000000e+00,0.000000000000000000e+00,0.000000000000000000e+00,0.000000000000000000e+00,0.000000000000000000e+00,0.000000000000000000e+00,0.000000000000000000e+00
8.696487085527682126e-02,6.439260783245970288e-03,6.439260783245970288e-03,0.000000000000000000e+00,0.000000000000000000e+00,0.000000000000000000e+00,0.000000000000000000e+00,0.000000000000000000e+00,0.000000000000000000e+00,0.000000000000000000e+00,0.000000000000000000e+00
1.874816328041202684e+00,1.874816328041202684e+00,1.874816328041202684e+00,2.675981047493838361e-01,2.675981047493838361e-01,2.675981047493838361e-01,2.418066753000767122e-01,1.445870669509679018e-01,1.445870669509679018e-01,1.445870669509679018e-01,1.445870669509679018e-01
1.828600135459796050e+00,6.061280834103763837e-01,6.061280834103763837e-01,1.652715584027379947e-01,7.251455389987793154e-02,2.792851279318941948e-02,2.792851279318941948e-02,0.000000000000000000e+00,0.000000000000000000e+00,0.000000000000000000e+00,0.000000000000000000e+00
5.261350105621875883e-02,5.261350105621875883e-02,0.000000000000000000e+00,0.000000000000000000e+00,0.000000000000000000e+00,0.000000000000000000e+00,0.000000000000000000e+00,0.000000000000000000e+00,0.000000000000000000e+00,0.000000000000000000e+00,0.000000000000000000e+00
6.846259717776502995e+00,6.846259717776502995e+00,2.721515217414788523e+00,2.698157759003733780e+00,2.698157759003733780e+00,2.698157759003733780e+00,2.328443192492628100e+00,2.242743886666209718e+00,9.384875954948590504e-01,1.403995720899082755e-01,5.070335129455116885e-02
9.553882431470448466e-01,9.058637724429452476e-01,9.058637724429452476e-01,9.058637724429452476e-01,8.174109283769315226e-01,8.174109283769315226e-01,7.577080706838277280e-01,7.577080706838277280e-01,4.340927428952685574e-01,4.340927428952685574e-01,4.340927428952685574e-01
2.285647998712418083e+00,1.199012767995668582e-01,1.199012767995668582e-01,7.577914386997397500e-02,7.577914386997397500e-02,5.747831359908861515e-02,2.449270558469240910e-02,2.449270558469240910e-02,2.685617296859454939e-03,0.000000000000000000e+00,0.000000000000000000e+00
3.586783153753074771e-01,1.311849813480359117e-01,1.038409683764127678e-01,1.038409683764127678e-01,1.479087877166662679e-03,1.479087877166662679e-03,0.000000000000000000e+00,0.000000000000000000e+00,0.000000000000000000e+00,0.000000000000000000e+00,0.000000000000000000e+00
2.722507509815172089e+00,2.722507509815172089e+00,2.722507509815172089e+00,2.722507509815172089e+00,2.722507509815172089e+00,2.722507509815172089e+00,2.722507509815172089e+00,2.722507509815172089e+00,2.722507509815172089e+00,2.198627382183086176e+00,2.198627382183086176e+00
1.321596463415031231e+00,3.086925853693465172e-01,1.402352703710452175e-02,1.402352703710452175e-02,1.402352703710452175e-02,1.244432371042680785e-02,7.769097373999223066e-03,0.000000000000000000e+00,0.000000000000000000e+00,0.000000000000000000e+00,0.000000000000000000e+00
3.350624210419388405e+00,2.526915104307038362e+00,2.526915104307038362e+00,2.526915104307038362e+00,1.245391419487261508e+00,1.302111720038556797e-01,0.000000000000000000e+00,0.000000000000000000e+00,0.000000000000000000e+00,0.000000000000000000e+00,0.000000000000000000e+00
1.141546205407035330e+00,3.774343516069578186e-01,3.774343516069578186e-01,3.123989254165930873e-01,3.123989254165930873e-01,3.123989254165930873e-01,3.123989254165930873e-01,0.000000000000000000e+00,0.000000000000000000e+00,0.000000000000000000e+00,0.000000000000000000e+00
3.416297500749663651e+00,1.684757370860403114e+00,7.423245205006034908e-01,7.423245205006034908e-01,3.159070048994729873e-01,5.530797924187869086e-02,5.449351895931009437e-02,1.770348366740304158e-02,0.000000000000000000e+00,0.000000000000000000e+00,0.000000000000000000e+00
3.912951749383642319e+00,3.912951749383642319e+00,2.061907035422700929e-01,4.703307245342180920e-02,1.256565405466769647e-02,1.256565405466769647e-02,0.000000000000000000e+00,0.000000000000000000e+00,0.000000000000000000e+00,0.000000000000000000e+00,0.000000000000000000e+00
1.027254418317316009e-01,4.447718620786389465e-02,1.434885654757422913e-02,0.000000000000000000e+00,0.000000000000000000e+00,0.000000000000000000e+00,0.000000000000000000e+00,0.000000000000000000e+00,0.000000000000000000e+00,0.000000000000000000e+00,0.000000000000000000e+00
1.140845395110967608e+00,8.692060710923588118e-02,3.443894707409356215e-03,3.443894707409356215e-03,3.443894707409356215e-03,3.443894707409356215e-03,0.000000000000000000e+00,0.000000000000000000e+00,0.000000000000000000e+00,0.000000000000000000e+00,0.000000000000000000e+00
7.459444523464409116e-02,7.459444523464409116e-02,4.566698446727723848e-02,0.000000000000000000e+00,0.000000000000000000e+00,0.000000000000000000e+00,0.000000000000000000e+00,0.000000000000000000e+00,0.000000000000000000e+00,0.000000000000000000e+00,0.000000000000000000e+00
5.685890087233449464e-01,1.121920636446915864e-02,1.121920636446915864e-02,0.000000000000000000e+00,0.000000000000000000e+00,0.000000000000000000e+00,0.000000000000000000e+00,0.000000000000000000e+00,0.000000000000000000e+00,0.000000000000000000e+00,0.000000000000000000e+00
2.347309977421854654e+00,8.335066700688198438e-01,8.335066700688198438e-01,8.936742864818825183e-03,0.000000000000000000e+00,0.000000000000000000e+00,0.000000000000000000e+00,0.000000000000000000e+00,0.000000000000000000e+00,0.000000000000000000e+00,0.000000000000000000e+00
1.093714189902184053e+00,1.017856005832598942e+00,1.017856005832598942e+00,7.015212980718144031e-01,7.015212980718144031e-01,7.015212980718144031e-01,7.015212980718144031e-01,7.015212980718144031e-01,7.015212980718144031e-01,7.015212980718144031e-01,9.807224417193793897e-02
2.311636111579775665e+00,5.549704600060145765e-02,5.549704600060145765e-02,0.000000000000000000e+00,0.000000000000000000e+00,0.000000000000000000e+00,0.000000000000000000e+00,0.000000000000000000e+00,0.000000000000000000e+00,0.000000000000000000e+00,0.000000000000000000e+00
3.601252391750437543e+00,3.601252391750437543e+00,3.601252391750437543e+00,3.601252391750437543e+00,3.601252391750437543e+00,3.601252391750437543e+00,1.665209570273309403e+00,1.665209570273309403e+00,4.152918100461455708e-02,0.000000000000000000e+00,0.000000000000000000e+00
