1.762811108462951637e+00 1.762811108462951637e+00 1.762811108462951637e+00 1.719801841313404189e+00 1.646095021191875674e-01 7.100657533786858266e-02 7.100657533786858266e-02 7.100657533786858266e-02 7.100657533786858266e-02 7.100657533786858266e-02 7.100657533786858266e-02 7.100657533786858266e-02 0.000000000000000000e+00 0.000000000000000000e+00 0.000000000000000000e+00 0.000000000000000000e+00 0.000000000000000000e+00 0.000000000000000000e+00 0.000000000000000000e+00 0.000000000000000000e+00 0.000000000000000000e+00
4.097346733352699388e+00 4.097346733352699388e+00 3.828956728236938112e+00 3.828956728236938112e+00 3.785963143950441534e+00 3.785963143950441534e+00 1.415780818786150697e+00 1.415780818786150697e+00 1.415780818786150697e+00 1.415780818786150697e+00 1.415780818786150697e+00 1.415780818786150697e+00 5.103955077055610801e-01 5.103955077055610801e-01 3.384285962526156766e-03 3.384285962526156766e-03 3.384285962526156766e-03 3.384285962526156766e-03 3.384285962526156766e-03 3.384285962526156766e-03 3.384285962526156766e-03
5.235715903232224910e+00 5.235715903232224910e+00 5.235715903232224910e+00 5.235715903232224910e+00 4.819356572108628889e+00 4.819356572108628889e+00 4.819356572108628889e+00 1.946603012046400849e+00 1.946603012046400849e+00 1.946603012046400849e+00 1.946603012046400849e+00 1.946603012046400849e+00 1.946603012046400849e+00 1.946603012046400849e+00 1.946603012046400849e+00 1.946603012046400849e+00 1.946603012046400849e+00 1.946603012046400849e+00 1.946603012046400849e+00 1.946603012046400849e+00 0.000000000000000000e+00
0.000000000000000000e+00 0.000000000000000000e+00 0.000000000000000000e+00 0.000000000000000000e+00 0.000000000000000000e+00 0.000000000000000000e+00 0.000000000000000000e+00 0.000000000000000000e+00 0.000000000000000000e+00 0.000000000000000000e+00 0.000000000000000000e+00 0.000000000000000000e+00 0.000000000000000000e+00 0.000000000000000000e+00 0.000000000000000000e+00 0.000000000000000000e+00 0.000000000000000000e+00 0.000000000000000000e+00 0.000000000000000000e+00 0.000000000000000000e+00 0.000000000000000000e+00
4.513059290960959480e+00 4.513059290960959480e+00 4.386245507061721227e+00 4.191484011104990692e+00 3.117697948456585877e-01 3.117697948456585877e-01 3.117697948456585877e-01 3.117697948456585877e-01 3.117697948456585877e-01 3.117697948456585877e-01 2.240703145170792610e-01 2.240703145170792610e-01 2.240703145170792610e-01 0.000000000000000000e+00 0.000000000000000000e+00 0.000000000000000000e+00 0.000000000000000000e+00 0.000000000000000000e+00 0.000000000000000000e+00 0.000000000000000000e+00 0.000000000000000000e+00
1.218218573787545722e+00 1.218218573787545722e+00 1.106904429000180379e+00 1.106904429000180379e+00 3.260621107271708397e-01 9.370965609989134748e-02 9.370965609989134748e-02 9.370965609989134748e-02 9.370965609989134748e-02 9.370965609989134748e-02 9.370965609989134748e-02 9.370965609989134748e-02 9.370965609989134748e-02 9.370965609989134748e-02 0.000000000000000000e+00 0.000000000000000000e+00 0.000000000000000000e+00 0.000000000000000000e+00 0.000000000000000000e+00 0.000000000000000000e+00 0.000000000000000000e+00
5.064610695504367044e+00 5.064610695504367044e+00 4.398026091585688135e+00 3.756958574712179644e+00 3.756958574712179644e+00 3.756958574712179644e+00 3.283073969497591449e+00 3.283073969497591449e+00 3.283073969497591449e+00 3.283073969497591449e+00 1.913695981582836936e-01 1.913695981582836936e-01 1.913695981582836936e-01 0.000000000000000000e+00 0.000000000000000000e+00 0.000000000000000000e+00 0.000000000000000000e+00 0.000000000000000000e+00 0.000000000000000000e+00 0.000000000000000000e+00 0.000000000000000000e+00
5.559338633430831678e+00 5.559338633430831678e+00 5.559338633430831678e+00 5.559338633430831678e+00 2.412997539439937000e+00 2.412997539439937000e+00 1.602460157170801480e+00 1.602460157170801480e+00 1.602460157170801480e+00 4.817516950076958793e-01 4.817516950076958793e-01 4.817516950076958793e-01 2.599454630968320856e-01 0.000000000000000000e+00 0.000000000000000000e+00 0.000000000000000000e+00 0.000000000000000000e+00 0.000000000000000000e+00 0.000000000000000000e+00 0.000000000000000000e+00 0.000000000000000000e+00
5.730817740420897977e+00 5.730817740420897977e+00 5.730817740420897977e+00 5.730817740420897977e+00 5.730817740420897977e+00 5.730817740420897977e+00 3.607160402494288931e+00 3.607160402494288931e+00 3.607160402494288931e+00 3.607160402494288931e+00 2.923581585067464239e+00 2.923581585067464239e+00 2.923581585067464239e+00 2.923581585067464239e+00 2.923581585067464239e+00 2.923581585067464239e+00 2.923581585067464239e+00 2.923581585067464239e+00 2.923581585067464239e+00 2.923581585067464239e+00 7.825186195080231499e-01
3.906410493198866796e+00 3.906410493198866796e+00 3.478244435843213633e+00 3.478244435843213633e+00 3.478244435843213633e+00 1.183067505440721590e+00 9.440089839576870645e-01 0.000000000000000000e+00 0.000000000000000000e+00 0.000000000000000000e+00 0.000000000000000000e+00 0.000000000000000000e+00 0.000000000000000000e+00 0.000000000000000000e+00 0.000000000000000000e+00 0.000000000000000000e+00 0.000000000000000000e+00 0.000000000000000000e+00 0.000000000000000000e+00 0.000000000000000000e+00 0.000000000000000000e+00
2.259447474338735162e+00 2.259447474338735162e+00 5.436842795144238849e-01 5.436842795144238849e-01 1.547642441990983997e-01 1.547642441990983997e-01 1.547642441990983997e-01 1.547642441990983997e-01 1.547642441990983997e-01 1.547642441990983997e-01 0.000000000000000000e+00 0.000000000000000000e+00 0.000000000000000000e+00 0.000000000000000000e+00 0.000000000000000000e+00 0.000000000000000000e+00 0.000000000000000000e+00 0.000000000000000000e+00 0.000000000000000000e+00 0.000000000000000000e+00 0.000000000000000000e+00
3.664128928772594662e+00 3.212032121239734916e+00 3.212032121239734916e+00 3.002090788664770749e+00 3.002090788664770749e+00 3.002090788664770749e+00 3.002090788664770749e+00 3.002090788664770749e+00 3.002090788664770749e+00 3.002090788664770749e+00 3.002090788664770749e+00 3.002090788664770749e+00 3.002090788664770749e+00 1.614027388801450691e+00 1.614027388801450691e+00 1.614027388801450691e+00 1.614027388801450691e+00 1.614027388801450691e+00 1.614027388801450691e+00 1.614027388801450691e+00 1.614027388801450691e+00
4.897564278068047727e+00 4.897564278068047727e+00 4.897564278068047727e+00 4.578096783447504592e+00 4.578096783447504592e+00 4.578096783447504592e+00 4.578096783447504592e+00 3.903906701173793792e+00 3.903906701173793792e+00 3.903906701173793792e+00 3.903906701173793792e+00 3.903906701173793792e+00 3.903906701173793792e+00 3.903906701173793792e+00 2.802625535412113678e+00 2.802625535412113678e+00 2.802625535412113678e+00 2.802625535412113678e+00 2.802625535412113678e+00 2.802625535412113678e+00 2.802625535412113678e+00
5.204128476854621432e+00 5.204128476854621432e+00 5.204128476854621432e+00 1.474568273000979701e+00 1.474568273000979701e+00 1.474568273000979701e+00 1.673770029528167669e-01 0.000000000000000000e+00 0.000000000000000000e+00 0.000000000000000000e+00 0.000000000000000000e+00 0.000000000000000000e+00 0.000000000000000000e+00 0.000000000000000000e+00 0.000000000000000000e+00 0.000000000000000000e+00 0.000000000000000000e+00 0.000000000000000000e+00 0.000000000000000000e+00 0.000000000000000000e+00 0.000000000000000000e+00
4.636225499629397007e+00 4.636225499629397007e+00 4.636225499629397007e+00 4.420805182142100165e+00 4.420805182142100165e+00 4.420805182142100165e+00 3.276911427713494973e+00 3.276911427713494973e+00 3.276911427713494973e+00 3.276911427713494973e+00 3.276911427713494973e+00 3.276911427713494973e+00 3.276911427713494973e+00 3.276911427713494973e+00 3.276911427713494973e+00 3.276911427713494973e+00 7.768924761360320730e-01 7.768924761360320730e-01 7.768924761360320730e-01 6.820998295832731984e-01 6.820998295832731984e-01
4.036327665428151690e+00 4.036327665428151690e+00 4.036327665428151690e+00 4.036327665428151690e+00 3.117254524745347588e+00 3.117254524745347588e+00 3.117254524745347588e+00 3.117254524745347588e+00 3.117254524745347588e+00 3.117254524745347588e+00 3.117254524745347588e+00 3.117254524745347588e+00 3.117254524745347588e+00 4.460267671863071826e-01 4.460267671863071826e-01 3.846072388228760630e-01 3.846072388228760630e-01 3.846072388228760630e-01 3.846072388228760630e-01 3.846072388228760630e-01 3.846072388228760630e-01
5.825868168525178525e+00 5.825868168525178525e+00 5.825868168525178525e+00 5.825868168525178525e+00 5.825868168525178525e+00 5.825868168525178525e+00 5.825868168525178525e+00 5.825868168525178525e+00 5.825868168525178525e+00 5.825868168525178525e+00 5.825868168525178525e+00 5.825868168525178525e+00 5.825868168525178525e+00 7.175359061670008032e-01 7.175359061670008032e-01 7.175359061670008032e-01 0.000000000000000000e+00 0.000000000000000000e+00 0.000000000000000000e+00 0.000000000000000000e+00 0.000000000000000000e+00
6.224452445380775245e+00 6.224452445380775245e+00 6.224452445380775245e+00 5.224467115495370351e+00 5.224467115495370351e+00 5.224467115495370351e+00 5.224467115495370351e+00 5.224467115495370351e+00 5.224467115495370351e+00 5.224467115495370351e+00 5.224467115495370351e+00 5.224467115495370351e+00 5.224467115495370351e+00 5.224467115495370351e+00 5.224467115495370351e+00 5.224467115495370351e+00 7.361218544739553948e-01 0.000000000000000000e+00 0.000000000000000000e+00 0.000000000000000000e+00 0.000000000000000000e+00
5.117360253866054975e+00 3.986140366832053417e+00 3.986140366832053417e+00 3.986140366832053417e+00 3.986140366832053417e+00 2.931674991234681116e+00 2.931674991234681116e+00 2.931674991234681116e+00 2.931674991234681116e+00 2.931674991234681116e+00 2.931674991234681116e+00 2.931674991234681116e+00 2.931674991234681116e+00 2.066032757638446071e+00 0.000000000000000000e+00 0.000000000000000000e+00 0.000000000000000000e+00 0.000000000000000000e+00 0.000000000000000000e+00 0.000000000000000000e+00 0.000000000000000000e+00
1.178383390644414774e+00 1.178383390644414774e+00 1.178383390644414774e+00 0.000000000000000000e+00 0.000000000000000000e+00 0.000000000000000000e+00 0.000000000000000000e+00 0.000000000000000000e+00 0.000000000000000000e+00 0.000000000000000000e+00 0.000000000000000000e+00 0.000000000000000000e+00 0.000000000000000000e+00 0.000000000000000000e+00 0.000000000000000000e+00 0.000000000000000000e+00 0.000000000000000000e+00 0.000000000000000000e+00 0.000000000000000000e+00 0.000000000000000000e+00 0.000000000000000000e+00
6.085039545707120467e+00 6.085039545707120467e+00 6.085039545707120467e+00 6.085039545707120467e+00 6.085039545707120467e+00 6.085039545707120467e+00 3.222295714542388723e+00 3.222295714542388723e+00 3.222295714542388723e+00 0.000000000000000000e+00 0.000000000000000000e+00 0.000000000000000000e+00 0.000000000000000000e+00 0.000000000000000000e+00 0.000000000000000000e+00 0.000000000000000000e+00 0.000000000000000000e+00 0.000000000000000000e+00 0.000000000000000000e+00 0.000000000000000000e+00 0.000000000000000000e+00
3.311007784809198107e+00 3.311007784809198107e+00 3.150072169004361378e+00 3.150072169004361378e+00 3.150072169004361378e+00 3.150072169004361378e+00 3.150072169004361378e+00 3.069293081687265001e+00 0.000000000000000000e+00 0.000000000000000000e+00 0.000000000000000000e+00 0.000000000000000000e+00 0.000000000000000000e+00 0.000000000000000000e+00 0.000000000000000000e+00 0.000000000000000000e+00 0.000000000000000000e+00 0.000000000000000000e+00 0.000000000000000000e+00 0.000000000000000000e+00 0.000000000000000000e+00
6.119846272343557381e+00 5.528371098486048574e+00 5.528371098486048574e+00 5.528371098486048574e+00 5.528371098486048574e+00 5.053383492081234607e+00 5.053383492081234607e+00 5.053383492081234607e+00 5.053383492081234607e+00 5.053383492081234607e+00 5.053383492081234607e+00 5.053383492081234607e+00 5.053383492081234607e+00 0.000000000000000000e+00 0.000000000000000000e+00 0.000000000000000000e+00 0.000000000000000000e+00 0.000000000000000000e+00 0.000000000000000000e+00 0.000000000000000000e+00 0.000000000000000000e+00
6.951879674842328605e+00 6.951879674842328605e+00 6.951879674842328605e+00 6.708373216073019840e+00 0.000000000000000000e+00 0.000000000000000000e+00 0.000000000000000000e+00 0.000000000000000000e+00 0.000000000000000000e+00 0.000000000000000000e+00 0.000000000000000000e+00 0.000000000000000000e+00 0.000000000000000000e+00 0.000000000000000000e+00 0.000000000000000000e+00 0.000000000000000000e+00 0.000000000000000000e+00 0.000000000000000000e+00 0.000000000000000000e+00 0.000000000000000000e+00 0.000000000000000000e+00
1.010406225716316442e+00 1.010406225716316442e+00 3.198259330438162351e-01 3.198259330438162351e-01 3.198259330438162351e-01 3.198259330438162351e-01 3.198259330438162351e-01 3.198259330438162351e-01 3.198259330438162351e-01 3.198259330438162351e-01 3.145740750346419645e-01 1.617104509315385741e-01 3.028731134056350527e-02 3.028731134056350527e-02 2.510656676554567923e-02 0.000000000000000000e+00 0.000000000000000000e+00 0.000000000000000000e+00 0.000000000000000000e+00 0.000000000000000000e+00 0.000000000000000000e+00
4.277285383625570425e+00 4.277285383625570425e+00 4.277285383625570425e+00 4.277285383625570425e+00 9.175329145977340062e-01 9.175329145977340062e-01 4.428280595668727670e-01 5.249215502091786334e-02 3.694481078713529598e-02 3.694481078713529598e-02 3.694481078713529598e-02 0.000000000000000000e+00 0.000000000000000000e+00 0.000000000000000000e+00 0.000000000000000000e+00 0.000000000000000000e+00 0.000000000000000000e+00 0.000000000000000000e+00 0.000000000000000000e+00 0.000000000000000000e+00 0.000000000000000000e+00
3.787408310724743821e+00 5.937458407648552594e-01 5.937458407648552594e-01 5.937458407648552594e-01 5.937458407648552594e-01 0.000000000000000000e+00 0.000000000000000000e+00 0.000000000000000000e+00 0.000000000000000000e+00 0.000000000000000000e+00 0.000000000000000000e+00 0.000000000000000000e+00 0.000000000000000000e+00 0.000000000000000000e+00 0.000000000000000000e+00 0.000000000000000000e+00 0.000000000000000000e+00 0.000000000000000000e+00 0.000000000000000000e+00 0.000000000000000000e+00 0.000000000000000000e+00
7.018343046479566638e+00 7.018343046479566638e+00 1.320935020137769200e+00 0.000000000000000000e+00 0.000000000000000000e+00 0.000000000000000000e+00 0.000000000000000000e+00 0.000000000000000000e+00 0.000000000000000000e+00 0.000000000000000000e+00 0.000000000000000000e+00 0.000000000000000000e+00 0.000000000000000000e+00 0.000000000000000000e+00 0.000000000000000000e+00 0.000000000000000000e+00 0.000000000000000000e+00 0.000000000000000000e+00 0.000000000000000000e+00 0.000000000000000000e+00 0.000000000000000000e+00
3.003586653230139625e+00 3.003586653230139625e+00 1.752466690599357335e+00 1.752466690599357335e+00 7.159181001578396319e-01 8.545303877940035875e-02 8.545303877940035875e-02 8.545303877940035875e-02 8.545303877940035875e-02 8.545303877940035875e-02 8.545303877940035875e-02 8.545303877940035875e-02 0.000000000000000000e+00 0.000000000000000000e+00 0.000000000000000000e+00 0.000000000000000000e+00 0.000000000000000000e+00 0.000000000000000000e+00 0.000000000000000000e+00 0.000000000000000000e+00 0.000000000000000000e+00
3.591734725910099790e+00 3.591734725910099790e+00 5.803574436369434153e-01 4.620032919288465934e-01 2.526143529171722690e-01 2.476441132681310719e-01 2.476441132681310719e-01 2.476441132681310719e-01 2.476441132681310719e-01 2.476441132681310719e-01 2.476441132681310719e-01 2.476441132681310719e-01 2.476441132681310719e-01 2.476441132681310719e-01 2.476441132681310719e-01 2.476441132681310719e-01 2.476441132681310719e-01 1.607942149683783128e-02 1.607942149683783128e-02 1.607942149683783128e-02 0.000000000000000000e+00
5.052206717434096106e+00 5.052206717434096106e+00 5.052206717434096106e+00 5.052206717434096106e+00 5.052206717434096106e+00 5.052206717434096106e+00 3.769450559477962592e+00 3.769450559477962592e+00 5.256123408744519665e-01 0.000000000000000000e+00 0.000000000000000000e+00 0.000000000000000000e+00 0.000000000000000000e+00 0.000000000000000000e+00 0.000000000000000000e+00 0.000000000000000000e+00 0.000000000000000000e+00 0.000000000000000000e+00 0.000000000000000000e+00 0.000000000000000000e+00 0.000000000000000000e+00
7.024045914720227657e+00 5.539573948280447802e+00 5.539573948280447802e+00 5.539573948280447802e+00 5.539573948280447802e+00 5.539573948280447802e+00 5.539573948280447802e+00 5.539573948280447802e+00 5.539573948280447802e+00 5.539573948280447802e+00 5.539573948280447802e+00 5.539573948280447802e+00 5.539573948280447802e+00 0.000000000000000000e+00 0.000000000000000000e+00 0.000000000000000000e+00 0.000000000000000000e+00 0.000000000000000000e+00 0.000000000000000000e+00 0.000000000000000000e+00 0.000000000000000000e+00
1.108181876025788881e+00 5.875102294178207174e-01 5.875102294178207174e-01 5.875102294178207174e-01 5.875102294178207174e-01 5.875102294178207174e-01 5.875102294178207174e-01 5.875102294178207174e-01 5.875102294178207174e-01 5.875102294178207174e-01 5.875102294178207174e-01 5.875102294178207174e-01 5.875102294178207174e-01 5.875102294178207174e-01 5.875102294178207174e-01 5.875102294178207174e-01 5.875102294178207174e-01 5.875102294178207174e-01 5.875102294178207174e-01 5.875102294178207174e-01 5.875102294178207174e-01
7.455799138180392305e-01 7.455799138180392305e-01 5.120404830227069937e-01 5.120404830227069937e-01 5.120404830227069937e-01 5.120404830227069937e-01 5.120404830227069937e-01 5.120404830227069937e-01 5.120404830227069937e-01 5.120404830227069937e-01 5.120404830227069937e-01 5.120404830227069937e-01 5.120404830227069937e-01 2.973046958454670374e-01 2.973046958454670374e-01 2.973046958454670374e-01 2.973046958454670374e-01 2.973046958454670374e-01 2.973046958454670374e-01 2.973046958454670374e-01 2.973046958454670374e-01
6.550068242678848129e+00 6.550068242678848129e+00 6.550068242678848129e+00 6.550068242678848129e+00 5.656008601406409042e+00 3.476664641472305028e+00 3.476664641472305028e+00 3.266222708628080618e+00 3.266222708628080618e+00 3.266222708628080618e+00 2.038801796408930223e+00 2.038801796408930223e+00 2.038801796408930223e+00 2.038801796408930223e+00 2.038801796408930223e+00 2.038801796408930223e+00 2.038801796408930223e+00 2.038801796408930223e+00 2.038801796408930223e+00 2.038801796408930223e+00 2.038801796408930223e+00
4.534036716286290236e+00 4.534036716286290236e+00 3.523880969593871981e+00 3.523880969593871981e+00 3.523880969593871981e+00 5.990681874822332276e-01 2.633903613398285160e-01 0.000000000000000000e+00 0.000000000000000000e+00 0.000000000000000000e+00 0.000000000000000000e+00 0.000000000000000000e+00 0.000000000000000000e+00 0.000000000000000000e+00 0.000000000000000000e+00 0.000000000000000000e+00 0.000000000000000000e+00 0.000000000000000000e+00 0.000000000000000000e+00 0.000000000000000000e+00 0.000000000000000000e+00
2.464158687885948495e+00 8.007318025474834400e-01 8.007318025474834400e-01 8.007318025474834400e-01 0.000000000000000000e+00 0.000000000000000000e+00 0.000000000000000000e+00 0.000000000000000000e+00 0.000000000000000000e+00 0.000000000000000000e+00 0.000000000000000000e+00 0.000000000000000000e+00 0.000000000000000000e+00 0.000000000000000000e+00 0.000000000000000000e+00 0.000000000000000000e+00 0.000000000000000000e+00 0.000000000000000000e+00 0.000000000000000000e+00 0.000000000000000000e+00 0.000000000000000000e+00
3.969647479901168730e+00 3.969647479901168730e+00 3.969647479901168730e+00 3.969647479901168730e+00 3.969647479901168730e+00 3.304520885585906065e+00 3.304520885585906065e+00 3.304520885585906065e+00 3.304520885585906065e+00 3.304520885585906065e+00 3.304520885585906065e+00 3.304520885585906065e+00 3.304520885585906065e+00 3.304520885585906065e+00 3.304520885585906065e+00 3.304520885585906065e+00 3.304520885585906065e+00 1.116669185898880201e+00 1.116669185898880201e+00 0.000000000000000000e+00 0.000000000000000000e+00
3.819499526187498439e+00 3.819499526187498439e+00 3.819499526187498439e+00 3.819499526187498439e+00 3.819499526187498439e+00 3.819499526187498439e+00 3.819499526187498439e+00 3.819499526187498439e+00 3.819499526187498439e+00 3.819499526187498439e+00 3.819499526187498439e+00 3.819499526187498439e+00 2.694729179317968182e+00 2.694729179317968182e+00 2.694729179317968182e+00 2.694729179317968182e+00 2.694729179317968182e+00 2.694729179317968182e+00 2.694729179317968182e+00 2.694729179317968182e+00 2.694729179317968182e+00
4.509973621483334583e+00 2.455875607717175058e-01 0.000000000000000000e+00 0.000000000000000000e+00 0.000000000000000000e+00 0.000000000000000000e+00 0.000000000000000000e+00 0.000000000000000000e+00 0.000000000000000000e+00 0.000000000000000000e+00 0.000000000000000000e+00 0.000000000000000000e+00 0.000000000000000000e+00 0.000000000000000000e+00 0.000000000000000000e+00 0.000000000000000000e+00 0.000000000000000000e+00 0.000000000000000000e+00 0.000000000000000000e+00 0.000000000000000000e+00 0.000000000000000000e+00
5.848469446637557745e+00 5.848469446637557745e+00 5.848469446637557745e+00 4.894415592361112566e+00 1.130283263919091397e+00 1.130283263919091397e+00 5.184910463722118834e-01 4.779233405868623663e-01 0.000000000000000000e+00 0.000000000000000000e+00 0.000000000000000000e+00 0.000000000000000000e+00 0.000000000000000000e+00 0.000000000000000000e+00 0.000000000000000000e+00 0.000000000000000000e+00 0.000000000000000000e+00 0.000000000000000000e+00 0.000000000000000000e+00 0.000000000000000000e+00 0.000000000000000000e+00
4.951411122425094291e+00 4.951411122425094291e+00 4.951411122425094291e+00 4.951411122425094291e+00 3.426020659691534576e+00 3.426020659691534576e+00 3.426020659691534576e+00 3.426020659691534576e+00 3.426020659691534576e+00 3.426020659691534576e+00 3.426020659691534576e+00 1.906565942352338894e+00 1.906565942352338894e+00 1.906565942352338894e+00 1.906565942352338894e+00 1.906565942352338894e+00 1.906565942352338894e+00 1.906565942352338894e+00 1.906565942352338894e+00 1.906565942352338894e+00 1.906565942352338894e+00
5.891795552343518594e+00 1.418114376972636315e+00 2.054705672174641506e-01 2.054705672174641506e-01 2.054705672174641506e-01 2.054705672174641506e-01 2.054705672174641506e-01 2.054705672174641506e-01 2.054705672174641506e-01 2.054705672174641506e-01 2.054705672174641506e-01 2.054705672174641506e-01 2.054705672174641506e-01 2.054705672174641506e-01 2.054705672174641506e-01 2.054705672174641506e-01 2.054705672174641506e-01 2.054705672174641506e-01 2.054705672174641506e-01 2.054705672174641506e-01 2.054705672174641506e-01
1.122437248387546660e+00 3.636637832237390455e-01 3.636637832237390455e-01 3.636637832237390455e-01 3.636637832237390455e-01 3.636637832237390455e-01 3.636637832237390455e-01 3.636637832237390455e-01 3.636637832237390455e-01 3.009431573214644828e-01 3.009431573214644828e-01 1.580210398106096648e-01 1.580210398106096648e-01 1.580210398106096648e-01 0.000000000000000000e+00 0.000000000000000000e+00 0.000000000000000000e+00 0.000000000000000000e+00 0.000000000000000000e+00 0.000000000000000000e+00 0.000000000000000000e+00
2.099350426008402160e+00 1.267148194184957610e+00 1.267148194184957610e+00 1.267148194184957610e+00 7.552258614733791120e-01 7.552258614733791120e-01 7.552258614733791120e-01 7.552258614733791120e-01 7.552258614733791120e-01 7.552258614733791120e-01 7.552258614733791120e-01 7.552258614733791120e-01 7.552258614733791120e-01 7.552258614733791120e-01 7.552258614733791120e-01 7.552258614733791120e-01 7.552258614733791120e-01 7.552258614733791120e-01 3.747962084040192821e-01 3.747962084040192821e-01 1.487987068966258875e-01
3.385977185337564421e+00 3.385977185337564421e+00 3.385977185337564421e+00 3.385977185337564421e+00 3.385977185337564421e+00 3.385977185337564421e+00 3.385977185337564421e+00 3.385977185337564421e+00 3.385977185337564421e+00 3.385977185337564421e+00 3.385977185337564421e+00 2.102963776695708553e+00 2.102963776695708553e+00 2.102963776695708553e+00 2.102963776695708553e+00 2.102963776695708553e+00 2.102963776695708553e+00 2.102963776695708553e+00 2.102963776695708553e+00 2.102963776695708553e+00 2.102963776695708553e+00
2.141420251840246536e+00 1.647471810546991655e+00 1.647471810546991655e+00 1.647471810546991655e+00 1.146693618948180671e+00 1.146693618948180671e+00 1.146693618948180671e+00 1.146693618948180671e+00 1.146693618948180671e+00 1.146693618948180671e+00 1.146693618948180671e+00 1.146693618948180671e+00 1.146693618948180671e+00 1.146693618948180671e+00 1.146693618948180671e+00 1.146693618948180671e+00 1.146693618948180671e+00 1.146693618948180671e+00 1.146693618948180671e+00 1.146693618948180671e+00 1.146693618948180671e+00
3.586503636570879117e+00 3.586503636570879117e+00 3.586503636570879117e+00 1.750001498880004114e+00 1.750001498880004114e+00 1.529251135893217928e+00 1.529251135893217928e+00 1.320543231580270316e+00 1.320543231580270316e+00 1.320543231580270316e+00 1.066540958336994471e+00 3.814725165004135832e-01 3.814725165004135832e-01 3.556797176520554160e-01 3.556797176520554160e-01 3.556797176520554160e-01 3.165145210025466227e-01 3.165145210025466227e-01 3.165145210025466227e-01 3.165145210025466227e-01 3.165145210025466227e-01
6.489123529926087208e+00 6.489123529926087208e+00 6.489123529926087208e+00 6.489123529926087208e+00 4.391728310764762000e+00 4.391728310764762000e+00 4.391728310764762000e+00 4.391728310764762000e+00 4.391728310764762000e+00 4.391728310764762000e+00 3.606709766436378750e+00 1.245955025435426577e+00 1.245955025435426577e+00 1.245955025435426577e+00 0.000000000000000000e+00 0.000000000000000000e+00 0.000000000000000000e+00 0.000000000000000000e+00 0.000000000000000000e+00 0.000000000000000000e+00 0.000000000000000000e+00
6.084008389746228040e+00 2.784200752845699789e+00 2.112398975111985600e+00 2.112398975111985600e+00 2.112398975111985600e+00 2.112398975111985600e+00 2.112398975111985600e+00 2.112398975111985600e+00 2.112398975111985600e+00 2.112398975111985600e+00 2.112398975111985600e+00 2.112398975111985600e+00 2.112398975111985600e+00 2.112398975111985600e+00 2.112398975111985600e+00 2.112398975111985600e+00 2.112398975111985600e+00 2.112398975111985600e+00 2.112398975111985600e+00 2.112398975111985600e+00 8.462586859729093192e-01
