2.692101839999999857e+00 2.692101839999999857e+00 2.692101839999999857e+00 2.692101839999999857e+00 1.455982999999999930e-02 1.455982999999999930e-02 0.000000000000000000e+00 0.000000000000000000e+00 0.000000000000000000e+00 0.000000000000000000e+00 0.000000000000000000e+00 0.000000000000000000e+00 0.000000000000000000e+00 0.000000000000000000e+00 0.000000000000000000e+00 0.000000000000000000e+00 0.000000000000000000e+00 0.000000000000000000e+00 0.000000000000000000e+00 0.000000000000000000e+00 0.000000000000000000e+00
1.484625979999999901e+00 1.484625979999999901e+00 0.000000000000000000e+00 0.000000000000000000e+00 0.000000000000000000e+00 0.000000000000000000e+00 0.000000000000000000e+00 0.000000000000000000e+00 0.000000000000000000e+00 0.000000000000000000e+00 0.000000000000000000e+00 0.000000000000000000e+00 0.000000000000000000e+00 0.000000000000000000e+00 0.000000000000000000e+00 0.000000000000000000e+00 0.000000000000000000e+00 0.000000000000000000e+00 0.000000000000000000e+00 0.000000000000000000e+00 0.000000000000000000e+00
5.774564490000000383e+00 5.774564490000000383e+00 5.774564490000000383e+00 5.774564490000000383e+00 5.774564490000000383e+00 5.774564490000000383e+00 5.774564490000000383e+00 5.774564490000000383e+00 5.774564490000000383e+00 5.774564490000000383e+00 5.774564490000000383e+00 5.774564490000000383e+00 5.774564490000000383e+00 5.774564490000000383e+00 5.774564490000000383e+00 5.774564490000000383e+00 5.774564490000000383e+00 5.774564490000000383e+00 5.774564490000000383e+00 5.216147450000000241e+00 5.216147450000000241e+00
1.427544120000000083e+00 1.427544120000000083e+00 2.403091300000000097e-01 2.403091300000000097e-01 2.403091300000000097e-01 2.403091300000000097e-01 2.403091300000000097e-01 2.403091300000000097e-01 2.403091300000000097e-01 2.403091300000000097e-01 2.403091300000000097e-01 2.403091300000000097e-01 2.403091300000000097e-01 2.403091300000000097e-01 2.403091300000000097e-01 2.403091300000000097e-01 2.403091300000000097e-01 2.403091300000000097e-01 2.403091300000000097e-01 2.403091300000000097e-01 2.403091300000000097e-01
3.984758189999999978e+00 3.984758189999999978e+00 7.855204099999999467e-01 2.176825400000000077e-01 2.176825400000000077e-01 0.000000000000000000e+00 0.000000000000000000e+00 0.000000000000000000e+00 0.000000000000000000e+00 0.000000000000000000e+00 0.000000000000000000e+00 0.000000000000000000e+00 0.000000000000000000e+00 0.000000000000000000e+00 0.000000000000000000e+00 0.000000000000000000e+00 0.000000000000000000e+00 0.000000000000000000e+00 0.000000000000000000e+00 0.000000000000000000e+00 0.000000000000000000e+00
3.389901009999999992e+00 3.389901009999999992e+00 3.389901009999999992e+00 0.000000000000000000e+00 0.000000000000000000e+00 0.000000000000000000e+00 0.000000000000000000e+00 0.000000000000000000e+00 0.000000000000000000e+00 0.000000000000000000e+00 0.000000000000000000e+00 0.000000000000000000e+00 0.000000000000000000e+00 0.000000000000000000e+00 0.000000000000000000e+00 0.000000000000000000e+00 0.000000000000000000e+00 0.000000000000000000e+00 0.000000000000000000e+00 0.000000000000000000e+00 0.000000000000000000e+00
1.775413890000000050e+00 1.775413890000000050e+00 1.775413890000000050e+00 1.775413890000000050e+00 1.775413890000000050e+00 1.775413890000000050e+00 1.693117769999999966e+00 1.693117769999999966e+00 1.693117769999999966e+00 1.693117769999999966e+00 1.693117769999999966e+00 1.693117769999999966e+00 1.693117769999999966e+00 1.693117769999999966e+00 1.418982989999999944e+00 1.418982989999999944e+00 1.418982989999999944e+00 1.418982989999999944e+00 1.418982989999999944e+00 1.418982989999999944e+00 1.418982989999999944e+00
2.948545409999999922e+00 2.722848620000000164e+00 2.722848620000000164e+00 2.722848620000000164e+00 2.578914530000000038e+00 2.578914530000000038e+00 2.578914530000000038e+00 2.578914530000000038e+00 1.693246269999999942e+00 1.493899160000000004e+00 1.351995990000000036e+00 1.088641519999999918e+00 1.088641519999999918e+00 1.088641519999999918e+00 1.088641519999999918e+00 1.088641519999999918e+00 1.088641519999999918e+00 1.088641519999999918e+00 0.000000000000000000e+00 0.000000000000000000e+00 0.000000000000000000e+00
1.523900969999999910e+00 6.849300699999999464e-01 0.000000000000000000e+00 0.000000000000000000e+00 0.000000000000000000e+00 0.000000000000000000e+00 0.000000000000000000e+00 0.000000000000000000e+00 0.000000000000000000e+00 0.000000000000000000e+00 0.000000000000000000e+00 0.000000000000000000e+00 0.000000000000000000e+00 0.000000000000000000e+00 0.000000000000000000e+00 0.000000000000000000e+00 0.000000000000000000e+00 0.000000000000000000e+00 0.000000000000000000e+00 0.000000000000000000e+00 0.000000000000000000e+00
3.464190480000000072e+00 3.321289559999999863e+00 1.958308149999999914e+00 1.958308149999999914e+00 1.958308149999999914e+00 0.000000000000000000e+00 0.000000000000000000e+00 0.000000000000000000e+00 0.000000000000000000e+00 0.000000000000000000e+00 0.000000000000000000e+00 0.000000000000000000e+00 0.000000000000000000e+00 0.000000000000000000e+00 0.000000000000000000e+00 0.000000000000000000e+00 0.000000000000000000e+00 0.000000000000000000e+00 0.000000000000000000e+00 0.000000000000000000e+00 0.000000000000000000e+00
4.038585089999999767e+00 4.038585089999999767e+00 4.038585089999999767e+00 4.038585089999999767e+00 4.038585089999999767e+00 4.038585089999999767e+00 4.038585089999999767e+00 4.038585089999999767e+00 4.038585089999999767e+00 4.038585089999999767e+00 4.038585089999999767e+00 4.038585089999999767e+00 4.038585089999999767e+00 2.931891289999999817e+00 2.931891289999999817e+00 2.931891289999999817e+00 2.931891289999999817e+00 0.000000000000000000e+00 0.000000000000000000e+00 0.000000000000000000e+00 0.000000000000000000e+00
4.969723029999999930e+00 4.969723029999999930e+00 3.530840289999999992e+00 3.530840289999999992e+00 3.530840289999999992e+00 3.530840289999999992e+00 3.530840289999999992e+00 3.530840289999999992e+00 2.353881059999999970e+00 2.353881059999999970e+00 2.353881059999999970e+00 2.353881059999999970e+00 2.353881059999999970e+00 2.353881059999999970e+00 2.353881059999999970e+00 2.353881059999999970e+00 2.353881059999999970e+00 1.200165689999999952e+00 1.200165689999999952e+00 1.200165689999999952e+00 9.529568400000000272e-01
3.520131790000000205e+00 3.520131790000000205e+00 2.646721509999999888e+00 2.646721509999999888e+00 2.373269099999999909e+00 1.343110290000000040e+00 1.343110290000000040e+00 1.343110290000000040e+00 1.343110290000000040e+00 9.417214499999999600e-01 9.417214499999999600e-01 9.417214499999999600e-01 9.417214499999999600e-01 9.417214499999999600e-01 9.417214499999999600e-01 9.417214499999999600e-01 9.417214499999999600e-01 9.417214499999999600e-01 9.417214499999999600e-01 9.417214499999999600e-01 9.417214499999999600e-01
5.853516739999999885e+00 5.853516739999999885e+00 5.853516739999999885e+00 5.853516739999999885e+00 5.377852260000000051e+00 5.377852260000000051e+00 5.377852260000000051e+00 5.377852260000000051e+00 2.784207199999999993e+00 2.784207199999999993e+00 0.000000000000000000e+00 0.000000000000000000e+00 0.000000000000000000e+00 0.000000000000000000e+00 0.000000000000000000e+00 0.000000000000000000e+00 0.000000000000000000e+00 0.000000000000000000e+00 0.000000000000000000e+00 0.000000000000000000e+00 0.000000000000000000e+00
1.870369539999999997e+00 1.644959580000000088e+00 1.644959580000000088e+00 1.644959580000000088e+00 1.644959580000000088e+00 1.644959580000000088e+00 1.644959580000000088e+00 1.644959580000000088e+00 1.644959580000000088e+00 1.644959580000000088e+00 1.644959580000000088e+00 5.866321199999999791e-01 5.866321199999999791e-01 5.866321199999999791e-01 5.866321199999999791e-01 5.866321199999999791e-01 5.866321199999999791e-01 5.866321199999999791e-01 5.866321199999999791e-01 5.866321199999999791e-01 5.866321199999999791e-01
3.071065640000000041e+00 3.071065640000000041e+00 2.471294710000000006e+00 1.923747300000000049e+00 1.923747300000000049e+00 1.923747300000000049e+00 1.923747300000000049e+00 1.923747300000000049e+00 1.923747300000000049e+00 1.923747300000000049e+00 1.923747300000000049e+00 0.000000000000000000e+00 0.000000000000000000e+00 0.000000000000000000e+00 0.000000000000000000e+00 0.000000000000000000e+00 0.000000000000000000e+00 0.000000000000000000e+00 0.000000000000000000e+00 0.000000000000000000e+00 0.000000000000000000e+00
3.246749190000000063e+00 3.246749190000000063e+00 8.559485999999999484e-01 0.000000000000000000e+00 0.000000000000000000e+00 0.000000000000000000e+00 0.000000000000000000e+00 0.000000000000000000e+00 0.000000000000000000e+00 0.000000000000000000e+00 0.000000000000000000e+00 0.000000000000000000e+00 0.000000000000000000e+00 0.000000000000000000e+00 0.000000000000000000e+00 0.000000000000000000e+00 0.000000000000000000e+00 0.000000000000000000e+00 0.000000000000000000e+00 0.000000000000000000e+00 0.000000000000000000e+00
2.777657440000000033e+00 2.777657440000000033e+00 2.777657440000000033e+00 2.777657440000000033e+00 2.777657440000000033e+00 2.777657440000000033e+00 2.777657440000000033e+00 2.777657440000000033e+00 1.675961859999999914e+00 3.053056100000000050e-01 0.000000000000000000e+00 0.000000000000000000e+00 0.000000000000000000e+00 0.000000000000000000e+00 0.000000000000000000e+00 0.000000000000000000e+00 0.000000000000000000e+00 0.000000000000000000e+00 0.000000000000000000e+00 0.000000000000000000e+00 0.000000000000000000e+00
4.931521400000000277e+00 4.931521400000000277e+00 4.931521400000000277e+00 4.931521400000000277e+00 4.931521400000000277e+00 4.931521400000000277e+00 4.931521400000000277e+00 4.931521400000000277e+00 4.931521400000000277e+00 4.931521400000000277e+00 4.931521400000000277e+00 2.502833680000000172e+00 1.134237060000000019e+00 1.134237060000000019e+00 1.134237060000000019e+00 1.134237060000000019e+00 1.134237060000000019e+00 1.134237060000000019e+00 1.134237060000000019e+00 1.134237060000000019e+00 1.134237060000000019e+00
5.064921990000000207e+00 5.064921990000000207e+00 5.064921990000000207e+00 5.064921990000000207e+00 2.634237099999999998e+00 2.634237099999999998e+00 2.433115260000000113e+00 3.998059800000000052e-01 3.998059800000000052e-01 0.000000000000000000e+00 0.000000000000000000e+00 0.000000000000000000e+00 0.000000000000000000e+00 0.000000000000000000e+00 0.000000000000000000e+00 0.000000000000000000e+00 0.000000000000000000e+00 0.000000000000000000e+00 0.000000000000000000e+00 0.000000000000000000e+00 0.000000000000000000e+00
4.724902430000000209e+00 6.914360800000000085e-01 6.914360800000000085e-01 0.000000000000000000e+00 0.000000000000000000e+00 0.000000000000000000e+00 0.000000000000000000e+00 0.000000000000000000e+00 0.000000000000000000e+00 0.000000000000000000e+00 0.000000000000000000e+00 0.000000000000000000e+00 0.000000000000000000e+00 0.000000000000000000e+00 0.000000000000000000e+00 0.000000000000000000e+00 0.000000000000000000e+00 0.000000000000000000e+00 0.000000000000000000e+00 0.000000000000000000e+00 0.000000000000000000e+00
1.058476090000000092e+00 1.058476090000000092e+00 1.058476090000000092e+00 5.859191700000000447e-01 5.859191700000000447e-01 5.859191700000000447e-01 5.859191700000000447e-01 5.859191700000000447e-01 5.859191700000000447e-01 5.859191700000000447e-01 5.859191700000000447e-01 5.859191700000000447e-01 5.859191700000000447e-01 5.859191700000000447e-01 5.859191700000000447e-01 5.859191700000000447e-01 5.859191700000000447e-01 5.859191700000000447e-01 5.859191700000000447e-01 5.859191700000000447e-01 5.859191700000000447e-01
6.576559719999999665e+00 6.576559719999999665e+00 6.576559719999999665e+00 4.952151999999999887e+00 2.039053430000000056e+00 2.039053430000000056e+00 2.039053430000000056e+00 2.039053430000000056e+00 0.000000000000000000e+00 0.000000000000000000e+00 0.000000000000000000e+00 0.000000000000000000e+00 0.000000000000000000e+00 0.000000000000000000e+00 0.000000000000000000e+00 0.000000000000000000e+00 0.000000000000000000e+00 0.000000000000000000e+00 0.000000000000000000e+00 0.000000000000000000e+00 0.000000000000000000e+00
2.134138189999999824e+00 2.134138189999999824e+00 2.001472090000000037e+00 2.001472090000000037e+00 2.001472090000000037e+00 2.479091599999999895e-01 2.479091599999999895e-01 2.479091599999999895e-01 0.000000000000000000e+00 0.000000000000000000e+00 0.000000000000000000e+00 0.000000000000000000e+00 0.000000000000000000e+00 0.000000000000000000e+00 0.000000000000000000e+00 0.000000000000000000e+00 0.000000000000000000e+00 0.000000000000000000e+00 0.000000000000000000e+00 0.000000000000000000e+00 0.000000000000000000e+00
5.544387770000000160e+00 5.218611819999999568e+00 5.218611819999999568e+00 5.218611819999999568e+00 5.218611819999999568e+00 5.218611819999999568e+00 5.218611819999999568e+00 5.218611819999999568e+00 5.218611819999999568e+00 5.218611819999999568e+00 5.111283600000000149e+00 5.111283600000000149e+00 5.111283600000000149e+00 5.111283600000000149e+00 5.111283600000000149e+00 5.111283600000000149e+00 5.111283600000000149e+00 5.111283600000000149e+00 5.111283600000000149e+00 5.111283600000000149e+00 5.111283600000000149e+00
4.704302750000000088e+00 4.704302750000000088e+00 4.704302750000000088e+00 4.704302750000000088e+00 4.704302750000000088e+00 4.704302750000000088e+00 4.704302750000000088e+00 4.704302750000000088e+00 4.704302750000000088e+00 2.798293619999999926e+00 2.798293619999999926e+00 1.152019069999999923e+00 1.152019069999999923e+00 8.686725199999999480e-01 0.000000000000000000e+00 0.000000000000000000e+00 0.000000000000000000e+00 0.000000000000000000e+00 0.000000000000000000e+00 0.000000000000000000e+00 0.000000000000000000e+00
2.634936810000000129e+00 2.634936810000000129e+00 2.634936810000000129e+00 2.634936810000000129e+00 2.634936810000000129e+00 2.634936810000000129e+00 2.634936810000000129e+00 2.634936810000000129e+00 1.642737139999999929e+00 1.642737139999999929e+00 1.642737139999999929e+00 1.574331029999999965e+00 1.574331029999999965e+00 1.574331029999999965e+00 1.574331029999999965e+00 1.574331029999999965e+00 1.574331029999999965e+00 1.762328200000000122e-01 1.762328200000000122e-01 1.762328200000000122e-01 1.762328200000000122e-01
6.514095890000000111e+00 6.514095890000000111e+00 6.439648609999999884e+00 3.190332610000000013e+00 3.190332610000000013e+00 2.418305919999999887e+00 2.418305919999999887e+00 2.418305919999999887e+00 2.418305919999999887e+00 2.418305919999999887e+00 1.667240410000000006e+00 1.466661900000000074e+00 1.601122700000000010e-01 0.000000000000000000e+00 0.000000000000000000e+00 0.000000000000000000e+00 0.000000000000000000e+00 0.000000000000000000e+00 0.000000000000000000e+00 0.000000000000000000e+00 0.000000000000000000e+00
4.176800410000000241e+00 3.925290229999999880e+00 3.925290229999999880e+00 3.925290229999999880e+00 3.221098850000000180e+00 3.221098850000000180e+00 3.221098850000000180e+00 3.221098850000000180e+00 3.221098850000000180e+00 3.221098850000000180e+00 3.221098850000000180e+00 2.785085500000000103e+00 1.518361260000000046e+00 1.518361260000000046e+00 1.518361260000000046e+00 6.071613399999999938e-01 6.071613399999999938e-01 6.071613399999999938e-01 6.071613399999999938e-01 6.071613399999999938e-01 6.071613399999999938e-01
3.762331559999999797e+00 1.474610549999999964e+00 9.901711600000000502e-01 0.000000000000000000e+00 0.000000000000000000e+00 0.000000000000000000e+00 0.000000000000000000e+00 0.000000000000000000e+00 0.000000000000000000e+00 0.000000000000000000e+00 0.000000000000000000e+00 0.000000000000000000e+00 0.000000000000000000e+00 0.000000000000000000e+00 0.000000000000000000e+00 0.000000000000000000e+00 0.000000000000000000e+00 0.000000000000000000e+00 0.000000000000000000e+00 0.000000000000000000e+00 0.000000000000000000e+00
2.177411349999999857e+00 2.177411349999999857e+00 2.177411349999999857e+00 1.974269459999999921e+00 1.974269459999999921e+00 1.842658199999999968e-01 1.842658199999999968e-01 1.842658199999999968e-01 1.842658199999999968e-01 1.842658199999999968e-01 1.842658199999999968e-01 1.842658199999999968e-01 1.842658199999999968e-01 1.842658199999999968e-01 1.842658199999999968e-01 1.842658199999999968e-01 1.842658199999999968e-01 1.842658199999999968e-01 1.842658199999999968e-01 1.842658199999999968e-01 1.842658199999999968e-01
3.067536169999999895e+00 3.067536169999999895e+00 3.067536169999999895e+00 3.067536169999999895e+00 3.067536169999999895e+00 3.067536169999999895e+00 3.067536169999999895e+00 3.067536169999999895e+00 3.067536169999999895e+00 3.067536169999999895e+00 3.067536169999999895e+00 3.067536169999999895e+00 3.067536169999999895e+00 3.067536169999999895e+00 3.067536169999999895e+00 3.067536169999999895e+00 3.067536169999999895e+00 2.679509610000000208e+00 2.679509610000000208e+00 2.679509610000000208e+00 2.679509610000000208e+00
5.843371870000000357e+00 2.912839190000000134e+00 2.912839190000000134e+00 2.912839190000000134e+00 2.159635670000000118e+00 2.159635670000000118e+00 2.159635670000000118e+00 2.159635670000000118e+00 2.159635670000000118e+00 2.159635670000000118e+00 2.159635670000000118e+00 2.159635670000000118e+00 0.000000000000000000e+00 0.000000000000000000e+00 0.000000000000000000e+00 0.000000000000000000e+00 0.000000000000000000e+00 0.000000000000000000e+00 0.000000000000000000e+00 0.000000000000000000e+00 0.000000000000000000e+00
2.048580729999999850e+00 2.048580729999999850e+00 1.001450219999999947e+00 7.826843100000000497e-01 7.135583800000000476e-01 7.135583800000000476e-01 7.135583800000000476e-01 7.135583800000000476e-01 7.135583800000000476e-01 7.135583800000000476e-01 7.135583800000000476e-01 7.135583800000000476e-01 7.135583800000000476e-01 7.135583800000000476e-01 7.135583800000000476e-01 7.135583800000000476e-01 6.878787499999999833e-01 6.878787499999999833e-01 6.878787499999999833e-01 6.878787499999999833e-01 6.878787499999999833e-01
2.636848839999999861e+00 2.636848839999999861e+00 1.134348789999999996e+00 1.134348789999999996e+00 1.134348789999999996e+00 9.632040600000000286e-01 9.632040600000000286e-01 9.632040600000000286e-01 9.632040600000000286e-01 9.632040600000000286e-01 9.632040600000000286e-01 9.632040600000000286e-01 9.632040600000000286e-01 6.584060099999999860e-01 0.000000000000000000e+00 0.000000000000000000e+00 0.000000000000000000e+00 0.000000000000000000e+00 0.000000000000000000e+00 0.000000000000000000e+00 0.000000000000000000e+00
5.524319710000000327e+00 1.971370339999999999e+00 1.597279019999999994e+00 1.597279019999999994e+00 1.597279019999999994e+00 1.597279019999999994e+00 1.597279019999999994e+00 1.597279019999999994e+00 1.597279019999999994e+00 1.597279019999999994e+00 1.597279019999999994e+00 1.597279019999999994e+00 1.597279019999999994e+00 1.597279019999999994e+00 1.597279019999999994e+00 1.597279019999999994e+00 1.597279019999999994e+00 1.597279019999999994e+00 1.597279019999999994e+00 1.597279019999999994e+00 1.597279019999999994e+00
3.397315859999999965e+00 3.397315859999999965e+00 3.397315859999999965e+00 2.955549689999999785e+00 2.955549689999999785e+00 2.955549689999999785e+00 2.955549689999999785e+00 1.987444599999999895e+00 1.987444599999999895e+00 1.987444599999999895e+00 1.987444599999999895e+00 1.987444599999999895e+00 1.987444599999999895e+00 1.987444599999999895e+00 1.987444599999999895e+00 1.987444599999999895e+00 6.248103900000000488e-01 0.000000000000000000e+00 0.000000000000000000e+00 0.000000000000000000e+00 0.000000000000000000e+00
2.599964359999999974e+00 2.599964359999999974e+00 2.599964359999999974e+00 2.599964359999999974e+00 2.599964359999999974e+00 2.599964359999999974e+00 1.825105200000000094e+00 1.825105200000000094e+00 1.825105200000000094e+00 1.825105200000000094e+00 1.825105200000000094e+00 1.825105200000000094e+00 1.825105200000000094e+00 1.825105200000000094e+00 1.825105200000000094e+00 1.825105200000000094e+00 1.825105200000000094e+00 1.825105200000000094e+00 1.825105200000000094e+00 1.825105200000000094e+00 1.825105200000000094e+00
3.322661640000000194e+00 3.322661640000000194e+00 3.322661640000000194e+00 3.322661640000000194e+00 3.322661640000000194e+00 3.322661640000000194e+00 3.322661640000000194e+00 3.322661640000000194e+00 3.322661640000000194e+00 3.322661640000000194e+00 3.322661640000000194e+00 3.322661640000000194e+00 3.322661640000000194e+00 3.322661640000000194e+00 3.322661640000000194e+00 2.232530169999999980e+00 1.910767869999999924e+00 1.810870259999999954e+00 1.503876039999999970e+00 1.503876039999999970e+00 6.486996400000000218e-01
2.418478760000000172e+00 2.418478760000000172e+00 1.549036709999999983e+00 1.506008790000000097e+00 1.506008790000000097e+00 1.506008790000000097e+00 2.772279899999999797e-01 2.772279899999999797e-01 0.000000000000000000e+00 0.000000000000000000e+00 0.000000000000000000e+00 0.000000000000000000e+00 0.000000000000000000e+00 0.000000000000000000e+00 0.000000000000000000e+00 0.000000000000000000e+00 0.000000000000000000e+00 0.000000000000000000e+00 0.000000000000000000e+00 0.000000000000000000e+00 0.000000000000000000e+00
5.278037280000000386e+00 5.278037280000000386e+00 4.429000509999999835e+00 4.429000509999999835e+00 6.117222300000000335e-01 6.117222300000000335e-01 0.000000000000000000e+00 0.000000000000000000e+00 0.000000000000000000e+00 0.000000000000000000e+00 0.000000000000000000e+00 0.000000000000000000e+00 0.000000000000000000e+00 0.000000000000000000e+00 0.000000000000000000e+00 0.000000000000000000e+00 0.000000000000000000e+00 0.000000000000000000e+00 0.000000000000000000e+00 0.000000000000000000e+00 0.000000000000000000e+00
3.422731740000000134e+00 3.422731740000000134e+00 3.422731740000000134e+00 1.662774640000000081e+00 1.277143099999999976e-01 0.000000000000000000e+00 0.000000000000000000e+00 0.000000000000000000e+00 0.000000000000000000e+00 0.000000000000000000e+00 0.000000000000000000e+00 0.000000000000000000e+00 0.000000000000000000e+00 0.000000000000000000e+00 0.000000000000000000e+00 0.000000000000000000e+00 0.000000000000000000e+00 0.000000000000000000e+00 0.000000000000000000e+00 0.000000000000000000e+00 0.000000000000000000e+00
2.514012629999999859e+00 1.795821400000000012e-01 0.000000000000000000e+00 0.000000000000000000e+00 0.000000000000000000e+00 0.000000000000000000e+00 0.000000000000000000e+00 0.000000000000000000e+00 0.000000000000000000e+00 0.000000000000000000e+00 0.000000000000000000e+00 0.000000000000000000e+00 0.000000000000000000e+00 0.000000000000000000e+00 0.000000000000000000e+00 0.000000000000000000e+00 0.000000000000000000e+00 0.000000000000000000e+00 0.000000000000000000e+00 0.000000000000000000e+00 0.000000000000000000e+00
5.183344059999999587e+00 5.183344059999999587e+00 5.183344059999999587e+00 2.506690850000000026e+00 2.506690850000000026e+00 2.506690850000000026e+00 2.506690850000000026e+00 2.506690850000000026e+00 2.506690850000000026e+00 2.506690850000000026e+00 9.092787399999999742e-01 9.092787399999999742e-01 9.092787399999999742e-01 9.092787399999999742e-01 9.092787399999999742e-01 9.092787399999999742e-01 9.092787399999999742e-01 9.092787399999999742e-01 9.092787399999999742e-01 9.092787399999999742e-01 9.092787399999999742e-01
4.419632909999999804e+00 4.303940399999999777e-01 0.000000000000000000e+00 0.000000000000000000e+00 0.000000000000000000e+00 0.000000000000000000e+00 0.000000000000000000e+00 0.000000000000000000e+00 0.000000000000000000e+00 0.000000000000000000e+00 0.000000000000000000e+00 0.000000000000000000e+00 0.000000000000000000e+00 0.000000000000000000e+00 0.000000000000000000e+00 0.000000000000000000e+00 0.000000000000000000e+00 0.000000000000000000e+00 0.000000000000000000e+00 0.000000000000000000e+00 0.000000000000000000e+00
2.604800780000000149e+00 1.391887859999999977e+00 1.391887859999999977e+00 1.073689459999999984e+00 1.073689459999999984e+00 1.073689459999999984e+00 1.073689459999999984e+00 1.073689459999999984e+00 1.073689459999999984e+00 1.073689459999999984e+00 1.073689459999999984e+00 1.073689459999999984e+00 1.073689459999999984e+00 1.073689459999999984e+00 1.073689459999999984e+00 1.073689459999999984e+00 1.073689459999999984e+00 8.963491900000000179e-01 7.217527999999999722e-01 0.000000000000000000e+00 0.000000000000000000e+00
4.145431130000000408e+00 2.090671250000000203e+00 2.090671250000000203e+00 2.090671250000000203e+00 2.090671250000000203e+00 2.090671250000000203e+00 2.090671250000000203e+00 2.090671250000000203e+00 2.090671250000000203e+00 2.090671250000000203e+00 2.090671250000000203e+00 2.090671250000000203e+00 2.090671250000000203e+00 2.090671250000000203e+00 2.090671250000000203e+00 2.090671250000000203e+00 2.090671250000000203e+00 2.090671250000000203e+00 2.090671250000000203e+00 2.090671250000000203e+00 2.090671250000000203e+00
2.008150800000000125e+00 2.008150800000000125e+00 2.008150800000000125e+00 1.781991000000000103e+00 1.526651870000000022e+00 1.526651870000000022e+00 1.134319539999999904e+00 9.772063100000000224e-01 9.772063100000000224e-01 9.772063100000000224e-01 8.026636000000000326e-01 8.026636000000000326e-01 8.026636000000000326e-01 8.026636000000000326e-01 8.026636000000000326e-01 8.026636000000000326e-01 8.026636000000000326e-01 0.000000000000000000e+00 0.000000000000000000e+00 0.000000000000000000e+00 0.000000000000000000e+00
2.587623080000000186e+00 2.587623080000000186e+00 2.587623080000000186e+00 3.717915500000000262e-01 3.717915500000000262e-01 0.000000000000000000e+00 0.000000000000000000e+00 0.000000000000000000e+00 0.000000000000000000e+00 0.000000000000000000e+00 0.000000000000000000e+00 0.000000000000000000e+00 0.000000000000000000e+00 0.000000000000000000e+00 0.000000000000000000e+00 0.000000000000000000e+00 0.000000000000000000e+00 0.000000000000000000e+00 0.000000000000000000e+00 0.000000000000000000e+00 0.000000000000000000e+00
5.359179329999999908e+00 4.101808469999999929e+00 0.000000000000000000e+00 0.000000000000000000e+00 0.000000000000000000e+00 0.000000000000000000e+00 0.000000000000000000e+00 0.000000000000000000e+00 0.000000000000000000e+00 0.000000000000000000e+00 0.000000000000000000e+00 0.000000000000000000e+00 0.000000000000000000e+00 0.000000000000000000e+00 0.000000000000000000e+00 0.000000000000000000e+00 0.000000000000000000e+00 0.000000000000000000e+00 0.000000000000000000e+00 0.000000000000000000e+00 0.000000000000000000e+00
1.762811108462951637e+00 1.762811108462951637e+00 1.762811108462951637e+00 1.719801841313404189e+00 1.646095021191875674e-01 7.100657533786858266e-02 7.100657533786858266e-02 7.100657533786858266e-02 7.100657533786858266e-02 7.100657533786858266e-02 7.100657533786858266e-02 7.100657533786858266e-02 0.000000000000000000e+00 0.000000000000000000e+00 0.000000000000000000e+00 0.000000000000000000e+00 0.000000000000000000e+00 0.000000000000000000e+00 0.000000000000000000e+00 0.000000000000000000e+00 0.000000000000000000e+00
4.097346733352699388e+00 4.097346733352699388e+00 3.828956728236938112e+00 3.828956728236938112e+00 3.785963143950441534e+00 3.785963143950441534e+00 1.415780818786150697e+00 1.415780818786150697e+00 1.415780818786150697e+00 1.415780818786150697e+00 1.415780818786150697e+00 1.415780818786150697e+00 5.103955077055610801e-01 5.103955077055610801e-01 3.384285962526156766e-03 3.384285962526156766e-03 3.384285962526156766e-03 3.384285962526156766e-03 3.384285962526156766e-03 3.384285962526156766e-03 3.384285962526156766e-03
5.235715903232224910e+00 5.235715903232224910e+00 5.235715903232224910e+00 5.235715903232224910e+00 4.819356572108628889e+00 4.819356572108628889e+00 4.819356572108628889e+00 1.946603012046400849e+00 1.946603012046400849e+00 1.946603012046400849e+00 1.946603012046400849e+00 1.946603012046400849e+00 1.946603012046400849e+00 1.946603012046400849e+00 1.946603012046400849e+00 1.946603012046400849e+00 1.946603012046400849e+00 1.946603012046400849e+00 1.946603012046400849e+00 1.946603012046400849e+00 0.000000000000000000e+00
0.000000000000000000e+00 0.000000000000000000e+00 0.000000000000000000e+00 0.000000000000000000e+00 0.000000000000000000e+00 0.000000000000000000e+00 0.000000000000000000e+00 0.000000000000000000e+00 0.000000000000000000e+00 0.000000000000000000e+00 0.000000000000000000e+00 0.000000000000000000e+00 0.000000000000000000e+00 0.000000000000000000e+00 0.000000000000000000e+00 0.000000000000000000e+00 0.000000000000000000e+00 0.000000000000000000e+00 0.000000000000000000e+00 0.000000000000000000e+00 0.000000000000000000e+00
4.513059290960959480e+00 4.513059290960959480e+00 4.386245507061721227e+00 4.191484011104990692e+00 3.117697948456585877e-01 3.117697948456585877e-01 3.117697948456585877e-01 3.117697948456585877e-01 3.117697948456585877e-01 3.117697948456585877e-01 2.240703145170792610e-01 2.240703145170792610e-01 2.240703145170792610e-01 0.000000000000000000e+00 0.000000000000000000e+00 0.000000000000000000e+00 0.000000000000000000e+00 0.000000000000000000e+00 0.000000000000000000e+00 0.000000000000000000e+00 0.000000000000000000e+00
1.218218573787545722e+00 1.218218573787545722e+00 1.106904429000180379e+00 1.106904429000180379e+00 3.260621107271708397e-01 9.370965609989134748e-02 9.370965609989134748e-02 9.370965609989134748e-02 9.370965609989134748e-02 9.370965609989134748e-02 9.370965609989134748e-02 9.370965609989134748e-02 9.370965609989134748e-02 9.370965609989134748e-02 0.000000000000000000e+00 0.000000000000000000e+00 0.000000000000000000e+00 0.000000000000000000e+00 0.000000000000000000e+00 0.000000000000000000e+00 0.000000000000000000e+00
5.064610695504367044e+00 5.064610695504367044e+00 4.398026091585688135e+00 3.756958574712179644e+00 3.756958574712179644e+00 3.756958574712179644e+00 3.283073969497591449e+00 3.283073969497591449e+00 3.283073969497591449e+00 3.283073969497591449e+00 1.913695981582836936e-01 1.913695981582836936e-01 1.913695981582836936e-01 0.000000000000000000e+00 0.000000000000000000e+00 0.000000000000000000e+00 0.000000000000000000e+00 0.000000000000000000e+00 0.000000000000000000e+00 0.000000000000000000e+00 0.000000000000000000e+00
5.559338633430831678e+00 5.559338633430831678e+00 5.559338633430831678e+00 5.559338633430831678e+00 2.412997539439937000e+00 2.412997539439937000e+00 1.602460157170801480e+00 1.602460157170801480e+00 1.602460157170801480e+00 4.817516950076958793e-01 4.817516950076958793e-01 4.817516950076958793e-01 2.599454630968320856e-01 0.000000000000000000e+00 0.000000000000000000e+00 0.000000000000000000e+00 0.000000000000000000e+00 0.000000000000000000e+00 0.000000000000000000e+00 0.000000000000000000e+00 0.000000000000000000e+00
5.730817740420897977e+00 5.730817740420897977e+00 5.730817740420897977e+00 5.730817740420897977e+00 5.730817740420897977e+00 5.730817740420897977e+00 3.607160402494288931e+00 3.607160402494288931e+00 3.607160402494288931e+00 3.607160402494288931e+00 2.923581585067464239e+00 2.923581585067464239e+00 2.923581585067464239e+00 2.923581585067464239e+00 2.923581585067464239e+00 2.923581585067464239e+00 2.923581585067464239e+00 2.923581585067464239e+00 2.923581585067464239e+00 2.923581585067464239e+00 7.825186195080231499e-01
3.906410493198866796e+00 3.906410493198866796e+00 3.478244435843213633e+00 3.478244435843213633e+00 3.478244435843213633e+00 1.183067505440721590e+00 9.440089839576870645e-01 0.000000000000000000e+00 0.000000000000000000e+00 0.000000000000000000e+00 0.000000000000000000e+00 0.000000000000000000e+00 0.000000000000000000e+00 0.000000000000000000e+00 0.000000000000000000e+00 0.000000000000000000e+00 0.000000000000000000e+00 0.000000000000000000e+00 0.000000000000000000e+00 0.000000000000000000e+00 0.000000000000000000e+00
2.259447474338735162e+00 2.259447474338735162e+00 5.436842795144238849e-01 5.436842795144238849e-01 1.547642441990983997e-01 1.547642441990983997e-01 1.547642441990983997e-01 1.547642441990983997e-01 1.547642441990983997e-01 1.547642441990983997e-01 0.000000000000000000e+00 0.000000000000000000e+00 0.000000000000000000e+00 0.000000000000000000e+00 0.000000000000000000e+00 0.000000000000000000e+00 0.000000000000000000e+00 0.000000000000000000e+00 0.000000000000000000e+00 0.000000000000000000e+00 0.000000000000000000e+00
3.664128928772594662e+00 3.212032121239734916e+00 3.212032121239734916e+00 3.002090788664770749e+00 3.002090788664770749e+00 3.002090788664770749e+00 3.002090788664770749e+00 3.002090788664770749e+00 3.002090788664770749e+00 3.002090788664770749e+00 3.002090788664770749e+00 3.002090788664770749e+00 3.002090788664770749e+00 1.614027388801450691e+00 1.614027388801450691e+00 1.614027388801450691e+00 1.614027388801450691e+00 1.614027388801450691e+00 1.614027388801450691e+00 1.614027388801450691e+00 1.614027388801450691e+00
4.897564278068047727e+00 4.897564278068047727e+00 4.897564278068047727e+00 4.578096783447504592e+00 4.578096783447504592e+00 4.578096783447504592e+00 4.578096783447504592e+00 3.903906701173793792e+00 3.903906701173793792e+00 3.903906701173793792e+00 3.903906701173793792e+00 3.903906701173793792e+00 3.903906701173793792e+00 3.903906701173793792e+00 2.802625535412113678e+00 2.802625535412113678e+00 2.802625535412113678e+00 2.802625535412113678e+00 2.802625535412113678e+00 2.802625535412113678e+00 2.802625535412113678e+00
5.204128476854621432e+00 5.204128476854621432e+00 5.204128476854621432e+00 1.474568273000979701e+00 1.474568273000979701e+00 1.474568273000979701e+00 1.673770029528167669e-01 0.000000000000000000e+00 0.000000000000000000e+00 0.000000000000000000e+00 0.000000000000000000e+00 0.000000000000000000e+00 0.000000000000000000e+00 0.000000000000000000e+00 0.000000000000000000e+00 0.000000000000000000e+00 0.000000000000000000e+00 0.000000000000000000e+00 0.000000000000000000e+00 0.000000000000000000e+00 0.000000000000000000e+00
4.636225499629397007e+00 4.636225499629397007e+00 4.636225499629397007e+00 4.420805182142100165e+00 4.420805182142100165e+00 4.420805182142100165e+00 3.276911427713494973e+00 3.276911427713494973e+00 3.276911427713494973e+00 3.276911427713494973e+00 3.276911427713494973e+00 3.276911427713494973e+00 3.276911427713494973e+00 3.276911427713494973e+00 3.276911427713494973e+00 3.276911427713494973e+00 7.768924761360320730e-01 7.768924761360320730e-01 7.768924761360320730e-01 6.820998295832731984e-01 6.820998295832731984e-01
4.036327665428151690e+00 4.036327665428151690e+00 4.036327665428151690e+00 4.036327665428151690e+00 3.117254524745347588e+00 3.117254524745347588e+00 3.117254524745347588e+00 3.117254524745347588e+00 3.117254524745347588e+00 3.117254524745347588e+00 3.117254524745347588e+00 3.117254524745347588e+00 3.117254524745347588e+00 4.460267671863071826e-01 4.460267671863071826e-01 3.846072388228760630e-01 3.846072388228760630e-01 3.846072388228760630e-01 3.846072388228760630e-01 3.846072388228760630e-01 3.846072388228760630e-01
5.825868168525178525e+00 5.825868168525178525e+00 5.825868168525178525e+00 5.825868168525178525e+00 5.825868168525178525e+00 5.825868168525178525e+00 5.825868168525178525e+00 5.825868168525178525e+00 5.825868168525178525e+00 5.825868168525178525e+00 5.825868168525178525e+00 5.825868168525178525e+00 5.825868168525178525e+00 7.175359061670008032e-01 7.175359061670008032e-01 7.175359061670008032e-01 0.000000000000000000e+00 0.000000000000000000e+00 0.000000000000000000e+00 0.000000000000000000e+00 0.000000000000000000e+00
6.224452445380775245e+00 6.224452445380775245e+00 6.224452445380775245e+00 5.224467115495370351e+00 5.224467115495370351e+00 5.224467115495370351e+00 5.224467115495370351e+00 5.224467115495370351e+00 5.224467115495370351e+00 5.224467115495370351e+00 5.224467115495370351e+00 5.224467115495370351e+00 5.224467115495370351e+00 5.224467115495370351e+00 5.224467115495370351e+00 5.224467115495370351e+00 7.361218544739553948e-01 0.000000000000000000e+00 0.000000000000000000e+00 0.000000000000000000e+00 0.000000000000000000e+00
5.117360253866054975e+00 3.986140366832053417e+00 3.986140366832053417e+00 3.986140366832053417e+00 3.986140366832053417e+00 2.931674991234681116e+00 2.931674991234681116e+00 2.931674991234681116e+00 2.931674991234681116e+00 2.931674991234681116e+00 2.931674991234681116e+00 2.931674991234681116e+00 2.931674991234681116e+00 2.066032757638446071e+00 0.000000000000000000e+00 0.000000000000000000e+00 0.000000000000000000e+00 0.000000000000000000e+00 0.000000000000000000e+00 0.000000000000000000e+00 0.000000000000000000e+00
1.178383390644414774e+00 1.178383390644414774e+00 1.178383390644414774e+00 0.000000000000000000e+00 0.000000000000000000e+00 0.000000000000000000e+00 0.000000000000000000e+00 0.000000000000000000e+00 0.000000000000000000e+00 0.000000000000000000e+00 0.000000000000000000e+00 0.000000000000000000e+00 0.000000000000000000e+00 0.000000000000000000e+00 0.000000000000000000e+00 0.000000000000000000e+00 0.000000000000000000e+00 0.000000000000000000e+00 0.000000000000000000e+00 0.000000000000000000e+00 0.000000000000000000e+00
6.085039545707120467e+00 6.085039545707120467e+00 6.085039545707120467e+00 6.085039545707120467e+00 6.085039545707120467e+00 6.085039545707120467e+00 3.222295714542388723e+00 3.222295714542388723e+00 3.222295714542388723e+00 0.000000000000000000e+00 0.000000000000000000e+00 0.000000000000000000e+00 0.000000000000000000e+00 0.000000000000000000e+00 0.000000000000000000e+00 0.000000000000000000e+00 0.000000000000000000e+00 0.000000000000000000e+00 0.000000000000000000e+00 0.000000000000000000e+00 0.000000000000000000e+00
3.311007784809198107e+00 3.311007784809198107e+00 3.150072169004361378e+00 3.150072169004361378e+00 3.150072169004361378e+00 3.150072169004361378e+00 3.150072169004361378e+00 3.069293081687265001e+00 0.000000000000000000e+00 0.000000000000000000e+00 0.000000000000000000e+00 0.000000000000000000e+00 0.000000000000000000e+00 0.000000000000000000e+00 0.000000000000000000e+00 0.000000000000000000e+00 0.000000000000000000e+00 0.000000000000000000e+00 0.000000000000000000e+00 0.000000000000000000e+00 0.000000000000000000e+00
6.119846272343557381e+00 5.528371098486048574e+00 5.528371098486048574e+00 5.528371098486048574e+00 5.528371098486048574e+00 5.053383492081234607e+00 5.053383492081234607e+00 5.053383492081234607e+00 5.053383492081234607e+00 5.053383492081234607e+00 5.053383492081234607e+00 5.053383492081234607e+00 5.053383492081234607e+00 0.000000000000000000e+00 0.000000000000000000e+00 0.000000000000000000e+00 0.000000000000000000e+00 0.000000000000000000e+00 0.000000000000000000e+00 0.000000000000000000e+00 0.000000000000000000e+00
6.951879674842328605e+00 6.951879674842328605e+00 6.951879674842328605e+00 6.708373216073019840e+00 0.000000000000000000e+00 0.000000000000000000e+00 0.000000000000000000e+00 0.000000000000000000e+00 0.000000000000000000e+00 0.000000000000000000e+00 0.000000000000000000e+00 0.000000000000000000e+00 0.000000000000000000e+00 0.000000000000000000e+00 0.000000000000000000e+00 0.000000000000000000e+00 0.000000000000000000e+00 0.000000000000000000e+00 0.000000000000000000e+00 0.000000000000000000e+00 0.000000000000000000e+00
1.010406225716316442e+00 1.010406225716316442e+00 3.198259330438162351e-01 3.198259330438162351e-01 3.198259330438162351e-01 3.198259330438162351e-01 3.198259330438162351e-01 3.198259330438162351e-01 3.198259330438162351e-01 3.198259330438162351e-01 3.145740750346419645e-01 1.617104509315385741e-01 3.028731134056350527e-02 3.028731134056350527e-02 2.510656676554567923e-02 0.000000000000000000e+00 0.000000000000000000e+00 0.000000000000000000e+00 0.000000000000000000e+00 0.000000000000000000e+00 0.000000000000000000e+00
4.277285383625570425e+00 4.277285383625570425e+00 4.277285383625570425e+00 4.277285383625570425e+00 9.175329145977340062e-01 9.175329145977340062e-01 4.428280595668727670e-01 5.249215502091786334e-02 3.694481078713529598e-02 3.694481078713529598e-02 3.694481078713529598e-02 0.000000000000000000e+00 0.000000000000000000e+00 0.000000000000000000e+00 0.000000000000000000e+00 0.000000000000000000e+00 0.000000000000000000e+00 0.000000000000000000e+00 0.000000000000000000e+00 0.000000000000000000e+00 0.000000000000000000e+00
3.787408310724743821e+00 5.937458407648552594e-01 5.937458407648552594e-01 5.937458407648552594e-01 5.937458407648552594e-01 0.000000000000000000e+00 0.000000000000000000e+00 0.000000000000000000e+00 0.000000000000000000e+00 0.000000000000000000e+00 0.000000000000000000e+00 0.000000000000000000e+00 0.000000000000000000e+00 0.000000000000000000e+00 0.000000000000000000e+00 0.000000000000000000e+00 0.000000000000000000e+00 0.000000000000000000e+00 0.000000000000000000e+00 0.000000000000000000e+00 0.000000000000000000e+00
7.018343046479566638e+00 7.018343046479566638e+00 1.320935020137769200e+00 0.000000000000000000e+00 0.000000000000000000e+00 0.000000000000000000e+00 0.000000000000000000e+00 0.000000000000000000e+00 0.000000000000000000e+00 0.000000000000000000e+00 0.000000000000000000e+00 0.000000000000000000e+00 0.000000000000000000e+00 0.000000000000000000e+00 0.000000000000000000e+00 0.000000000000000000e+00 0.000000000000000000e+00 0.000000000000000000e+00 0.000000000000000000e+00 0.000000000000000000e+00 0.000000000000000000e+00
3.003586653230139625e+00 3.003586653230139625e+00 1.752466690599357335e+00 1.752466690599357335e+00 7.159181001578396319e-01 8.545303877940035875e-02 8.545303877940035875e-02 8.545303877940035875e-02 8.545303877940035875e-02 8.545303877940035875e-02 8.545303877940035875e-02 8.545303877940035875e-02 0.000000000000000000e+00 0.000000000000000000e+00 0.000000000000000000e+00 0.000000000000000000e+00 0.000000000000000000e+00 0.000000000000000000e+00 0.000000000000000000e+00 0.000000000000000000e+00 0.000000000000000000e+00
3.591734725910099790e+00 3.591734725910099790e+00 5.803574436369434153e-01 4.620032919288465934e-01 2.526143529171722690e-01 2.476441132681310719e-01 2.476441132681310719e-01 2.476441132681310719e-01 2.476441132681310719e-01 2.476441132681310719e-01 2.476441132681310719e-01 2.476441132681310719e-01 2.476441132681310719e-01 2.476441132681310719e-01 2.476441132681310719e-01 2.476441132681310719e-01 2.476441132681310719e-01 1.607942149683783128e-02 1.607942149683783128e-02 1.607942149683783128e-02 0.000000000000000000e+00
5.052206717434096106e+00 5.052206717434096106e+00 5.052206717434096106e+00 5.052206717434096106e+00 5.052206717434096106e+00 5.052206717434096106e+00 3.769450559477962592e+00 3.769450559477962592e+00 5.256123408744519665e-01 0.000000000000000000e+00 0.000000000000000000e+00 0.000000000000000000e+00 0.000000000000000000e+00 0.000000000000000000e+00 0.000000000000000000e+00 0.000000000000000000e+00 0.000000000000000000e+00 0.000000000000000000e+00 0.000000000000000000e+00 0.000000000000000000e+00 0.000000000000000000e+00
7.024045914720227657e+00 5.539573948280447802e+00 5.539573948280447802e+00 5.539573948280447802e+00 5.539573948280447802e+00 5.539573948280447802e+00 5.539573948280447802e+00 5.539573948280447802e+00 5.539573948280447802e+00 5.539573948280447802e+00 5.539573948280447802e+00 5.539573948280447802e+00 5.539573948280447802e+00 0.000000000000000000e+00 0.000000000000000000e+00 0.000000000000000000e+00 0.000000000000000000e+00 0.000000000000000000e+00 0.000000000000000000e+00 0.000000000000000000e+00 0.000000000000000000e+00
1.108181876025788881e+00 5.875102294178207174e-01 5.875102294178207174e-01 5.875102294178207174e-01 5.875102294178207174e-01 5.875102294178207174e-01 5.875102294178207174e-01 5.875102294178207174e-01 5.875102294178207174e-01 5.875102294178207174e-01 5.875102294178207174e-01 5.875102294178207174e-01 5.875102294178207174e-01 5.875102294178207174e-01 5.875102294178207174e-01 5.875102294178207174e-01 5.875102294178207174e-01 5.875102294178207174e-01 5.875102294178207174e-01 5.875102294178207174e-01 5.875102294178207174e-01
7.455799138180392305e-01 7.455799138180392305e-01 5.120404830227069937e-01 5.120404830227069937e-01 5.120404830227069937e-01 5.120404830227069937e-01 5.120404830227069937e-01 5.120404830227069937e-01 5.120404830227069937e-01 5.120404830227069937e-01 5.120404830227069937e-01 5.120404830227069937e-01 5.120404830227069937e-01 2.973046958454670374e-01 2.973046958454670374e-01 2.973046958454670374e-01 2.973046958454670374e-01 2.973046958454670374e-01 2.973046958454670374e-01 2.973046958454670374e-01 2.973046958454670374e-01
6.550068242678848129e+00 6.550068242678848129e+00 6.550068242678848129e+00 6.550068242678848129e+00 5.656008601406409042e+00 3.476664641472305028e+00 3.476664641472305028e+00 3.266222708628080618e+00 3.266222708628080618e+00 3.266222708628080618e+00 2.038801796408930223e+00 2.038801796408930223e+00 2.038801796408930223e+00 2.038801796408930223e+00 2.038801796408930223e+00 2.038801796408930223e+00 2.038801796408930223e+00 2.038801796408930223e+00 2.038801796408930223e+00 2.038801796408930223e+00 2.038801796408930223e+00
4.534036716286290236e+00 4.534036716286290236e+00 3.523880969593871981e+00 3.523880969593871981e+00 3.523880969593871981e+00 5.990681874822332276e-01 2.633903613398285160e-01 0.000000000000000000e+00 0.000000000000000000e+00 0.000000000000000000e+00 0.000000000000000000e+00 0.000000000000000000e+00 0.000000000000000000e+00 0.000000000000000000e+00 0.000000000000000000e+00 0.000000000000000000e+00 0.000000000000000000e+00 0.000000000000000000e+00 0.000000000000000000e+00 0.000000000000000000e+00 0.000000000000000000e+00
2.464158687885948495e+00 8.007318025474834400e-01 8.007318025474834400e-01 8.007318025474834400e-01 0.000000000000000000e+00 0.000000000000000000e+00 0.000000000000000000e+00 0.000000000000000000e+00 0.000000000000000000e+00 0.000000000000000000e+00 0.000000000000000000e+00 0.000000000000000000e+00 0.000000000000000000e+00 0.000000000000000000e+00 0.000000000000000000e+00 0.000000000000000000e+00 0.000000000000000000e+00 0.000000000000000000e+00 0.000000000000000000e+00 0.000000000000000000e+00 0.000000000000000000e+00
3.969647479901168730e+00 3.969647479901168730e+00 3.969647479901168730e+00 3.969647479901168730e+00 3.969647479901168730e+00 3.304520885585906065e+00 3.304520885585906065e+00 3.304520885585906065e+00 3.304520885585906065e+00 3.304520885585906065e+00 3.304520885585906065e+00 3.304520885585906065e+00 3.304520885585906065e+00 3.304520885585906065e+00 3.304520885585906065e+00 3.304520885585906065e+00 3.304520885585906065e+00 1.116669185898880201e+00 1.116669185898880201e+00 0.000000000000000000e+00 0.000000000000000000e+00
3.819499526187498439e+00 3.819499526187498439e+00 3.819499526187498439e+00 3.819499526187498439e+00 3.819499526187498439e+00 3.819499526187498439e+00 3.819499526187498439e+00 3.819499526187498439e+00 3.819499526187498439e+00 3.819499526187498439e+00 3.819499526187498439e+00 3.819499526187498439e+00 2.694729179317968182e+00 2.694729179317968182e+00 2.694729179317968182e+00 2.694729179317968182e+00 2.694729179317968182e+00 2.694729179317968182e+00 2.694729179317968182e+00 2.694729179317968182e+00 2.694729179317968182e+00
4.509973621483334583e+00 2.455875607717175058e-01 0.000000000000000000e+00 0.000000000000000000e+00 0.000000000000000000e+00 0.000000000000000000e+00 0.000000000000000000e+00 0.000000000000000000e+00 0.000000000000000000e+00 0.000000000000000000e+00 0.000000000000000000e+00 0.000000000000000000e+00 0.000000000000000000e+00 0.000000000000000000e+00 0.000000000000000000e+00 0.000000000000000000e+00 0.000000000000000000e+00 0.000000000000000000e+00 0.000000000000000000e+00 0.000000000000000000e+00 0.000000000000000000e+00
5.848469446637557745e+00 5.848469446637557745e+00 5.848469446637557745e+00 4.894415592361112566e+00 1.130283263919091397e+00 1.130283263919091397e+00 5.184910463722118834e-01 4.779233405868623663e-01 0.000000000000000000e+00 0.000000000000000000e+00 0.000000000000000000e+00 0.000000000000000000e+00 0.000000000000000000e+00 0.000000000000000000e+00 0.000000000000000000e+00 0.000000000000000000e+00 0.000000000000000000e+00 0.000000000000000000e+00 0.000000000000000000e+00 0.000000000000000000e+00 0.000000000000000000e+00
4.951411122425094291e+00 4.951411122425094291e+00 4.951411122425094291e+00 4.951411122425094291e+00 3.426020659691534576e+00 3.426020659691534576e+00 3.426020659691534576e+00 3.426020659691534576e+00 3.426020659691534576e+00 3.426020659691534576e+00 3.426020659691534576e+00 1.906565942352338894e+00 1.906565942352338894e+00 1.906565942352338894e+00 1.906565942352338894e+00 1.906565942352338894e+00 1.906565942352338894e+00 1.906565942352338894e+00 1.906565942352338894e+00 1.906565942352338894e+00 1.906565942352338894e+00
5.891795552343518594e+00 1.418114376972636315e+00 2.054705672174641506e-01 2.054705672174641506e-01 2.054705672174641506e-01 2.054705672174641506e-01 2.054705672174641506e-01 2.054705672174641506e-01 2.054705672174641506e-01 2.054705672174641506e-01 2.054705672174641506e-01 2.054705672174641506e-01 2.054705672174641506e-01 2.054705672174641506e-01 2.054705672174641506e-01 2.054705672174641506e-01 2.054705672174641506e-01 2.054705672174641506e-01 2.054705672174641506e-01 2.054705672174641506e-01 2.054705672174641506e-01
1.122437248387546660e+00 3.636637832237390455e-01 3.636637832237390455e-01 3.636637832237390455e-01 3.636637832237390455e-01 3.636637832237390455e-01 3.636637832237390455e-01 3.636637832237390455e-01 3.636637832237390455e-01 3.009431573214644828e-01 3.009431573214644828e-01 1.580210398106096648e-01 1.580210398106096648e-01 1.580210398106096648e-01 0.000000000000000000e+00 0.000000000000000000e+00 0.000000000000000000e+00 0.000000000000000000e+00 0.000000000000000000e+00 0.000000000000000000e+00 0.000000000000000000e+00
2.099350426008402160e+00 1.267148194184957610e+00 1.267148194184957610e+00 1.267148194184957610e+00 7.552258614733791120e-01 7.552258614733791120e-01 7.552258614733791120e-01 7.552258614733791120e-01 7.552258614733791120e-01 7.552258614733791120e-01 7.552258614733791120e-01 7.552258614733791120e-01 7.552258614733791120e-01 7.552258614733791120e-01 7.552258614733791120e-01 7.552258614733791120e-01 7.552258614733791120e-01 7.552258614733791120e-01 3.747962084040192821e-01 3.747962084040192821e-01 1.487987068966258875e-01
3.385977185337564421e+00 3.385977185337564421e+00 3.385977185337564421e+00 3.385977185337564421e+00 3.385977185337564421e+00 3.385977185337564421e+00 3.385977185337564421e+00 3.385977185337564421e+00 3.385977185337564421e+00 3.385977185337564421e+00 3.385977185337564421e+00 2.102963776695708553e+00 2.102963776695708553e+00 2.102963776695708553e+00 2.102963776695708553e+00 2.102963776695708553e+00 2.102963776695708553e+00 2.102963776695708553e+00 2.102963776695708553e+00 2.102963776695708553e+00 2.102963776695708553e+00
2.141420251840246536e+00 1.647471810546991655e+00 1.647471810546991655e+00 1.647471810546991655e+00 1.146693618948180671e+00 1.146693618948180671e+00 1.146693618948180671e+00 1.146693618948180671e+00 1.146693618948180671e+00 1.146693618948180671e+00 1.146693618948180671e+00 1.146693618948180671e+00 1.146693618948180671e+00 1.146693618948180671e+00 1.146693618948180671e+00 1.146693618948180671e+00 1.146693618948180671e+00 1.146693618948180671e+00 1.146693618948180671e+00 1.146693618948180671e+00 1.146693618948180671e+00
3.586503636570879117e+00 3.586503636570879117e+00 3.586503636570879117e+00 1.750001498880004114e+00 1.750001498880004114e+00 1.529251135893217928e+00 1.529251135893217928e+00 1.320543231580270316e+00 1.320543231580270316e+00 1.320543231580270316e+00 1.066540958336994471e+00 3.814725165004135832e-01 3.814725165004135832e-01 3.556797176520554160e-01 3.556797176520554160e-01 3.556797176520554160e-01 3.165145210025466227e-01 3.165145210025466227e-01 3.165145210025466227e-01 3.165145210025466227e-01 3.165145210025466227e-01
6.489123529926087208e+00 6.489123529926087208e+00 6.489123529926087208e+00 6.489123529926087208e+00 4.391728310764762000e+00 4.391728310764762000e+00 4.391728310764762000e+00 4.391728310764762000e+00 4.391728310764762000e+00 4.391728310764762000e+00 3.606709766436378750e+00 1.245955025435426577e+00 1.245955025435426577e+00 1.245955025435426577e+00 0.000000000000000000e+00 0.000000000000000000e+00 0.000000000000000000e+00 0.000000000000000000e+00 0.000000000000000000e+00 0.000000000000000000e+00 0.000000000000000000e+00
6.084008389746228040e+00 2.784200752845699789e+00 2.112398975111985600e+00 2.112398975111985600e+00 2.112398975111985600e+00 2.112398975111985600e+00 2.112398975111985600e+00 2.112398975111985600e+00 2.112398975111985600e+00 2.112398975111985600e+00 2.112398975111985600e+00 2.112398975111985600e+00 2.112398975111985600e+00 2.112398975111985600e+00 2.112398975111985600e+00 2.112398975111985600e+00 2.112398975111985600e+00 2.112398975111985600e+00 2.112398975111985600e+00 2.112398975111985600e+00 8.462586859729093192e-01
