2.692101839999999857e+00 2.692101839999999857e+00 2.692101839999999857e+00 2.692101839999999857e+00 1.455982999999999930e-02 1.455982999999999930e-02 0.000000000000000000e+00 0.000000000000000000e+00 0.000000000000000000e+00 0.000000000000000000e+00 0.000000000000000000e+00 0.000000000000000000e+00 0.000000000000000000e+00 0.000000000000000000e+00 0.000000000000000000e+00 0.000000000000000000e+00 0.000000000000000000e+00 0.000000000000000000e+00 0.000000000000000000e+00 0.000000000000000000e+00 0.000000000000000000e+00
1.484625979999999901e+00 1.484625979999999901e+00 0.000000000000000000e+00 0.000000000000000000e+00 0.000000000000000000e+00 0.000000000000000000e+00 0.000000000000000000e+00 0.000000000000000000e+00 0.000000000000000000e+00 0.000000000000000000e+00 0.000000000000000000e+00 0.000000000000000000e+00 0.000000000000000000e+00 0.000000000000000000e+00 0.000000000000000000e+00 0.000000000000000000e+00 0.000000000000000000e+00 0.000000000000000000e+00 0.000000000000000000e+00 0.000000000000000000e+00 0.000000000000000000e+00
5.774564490000000383e+00 5.774564490000000383e+00 5.774564490000000383e+00 5.774564490000000383e+00 5.774564490000000383e+00 5.774564490000000383e+00 5.774564490000000383e+00 5.774564490000000383e+00 5.774564490000000383e+00 5.774564490000000383e+00 5.774564490000000383e+00 5.774564490000000383e+00 5.774564490000000383e+00 5.774564490000000383e+00 5.774564490000000383e+00 5.774564490000000383e+00 5.774564490000000383e+00 5.774564490000000383e+00 5.774564490000000383e+00 5.216147450000000241e+00 5.216147450000000241e+00
1.427544120000000083e+00 1.427544120000000083e+00 2.403091300000000097e-01 2.403091300000000097e-01 2.403091300000000097e-01 2.403091300000000097e-01 2.403091300000000097e-01 2.403091300000000097e-01 2.403091300000000097e-01 2.403091300000000097e-01 2.403091300000000097e-01 2.403091300000000097e-01 2.403091300000000097e-01 2.403091300000000097e-01 2.403091300000000097e-01 2.403091300000000097e-01 2.403091300000000097e-01 2.403091300000000097e-01 2.403091300000000097e-01 2.403091300000000097e-01 2.403091300000000097e-01
3.984758189999999978e+00 3.984758189999999978e+00 7.855204099999999467e-01 2.176825400000000077e-01 2.176825400000000077e-01 0.000000000000000000e+00 0.000000000000000000e+00 0.000000000000000000e+00 0.000000000000000000e+00 0.000000000000000000e+00 0.000000000000000000e+00 0.000000000000000000e+00 0.000000000000000000e+00 0.000000000000000000e+00 0.000000000000000000e+00 0.000000000000000000e+00 0.000000000000000000e+00 0.000000000000000000e+00 0.000000000000000000e+00 0.000000000000000000e+00 0.000000000000000000e+00
3.389901009999999992e+00 3.389901009999999992e+00 3.389901009999999992e+00 0.000000000000000000e+00 0.000000000000000000e+00 0.000000000000000000e+00 0.000000000000000000e+00 0.000000000000000000e+00 0.000000000000000000e+00 0.000000000000000000e+00 0.000000000000000000e+00 0.000000000000000000e+00 0.000000000000000000e+00 0.000000000000000000e+00 0.000000000000000000e+00 0.000000000000000000e+00 0.000000000000000000e+00 0.000000000000000000e+00 0.000000000000000000e+00 0.000000000000000000e+00 0.000000000000000000e+00
1.775413890000000050e+00 1.775413890000000050e+00 1.775413890000000050e+00 1.775413890000000050e+00 1.775413890000000050e+00 1.775413890000000050e+00 1.693117769999999966e+00 1.693117769999999966e+00 1.693117769999999966e+00 1.693117769999999966e+00 1.693117769999999966e+00 1.693117769999999966e+00 1.693117769999999966e+00 1.693117769999999966e+00 1.418982989999999944e+00 1.418982989999999944e+00 1.418982989999999944e+00 1.418982989999999944e+00 1.418982989999999944e+00 1.418982989999999944e+00 1.418982989999999944e+00
2.948545409999999922e+00 2.722848620000000164e+00 2.722848620000000164e+00 2.722848620000000164e+00 2.578914530000000038e+00 2.578914530000000038e+00 2.578914530000000038e+00 2.578914530000000038e+00 1.693246269999999942e+00 1.493899160000000004e+00 1.351995990000000036e+00 1.088641519999999918e+00 1.088641519999999918e+00 1.088641519999999918e+00 1.088641519999999918e+00 1.088641519999999918e+00 1.088641519999999918e+00 1.088641519999999918e+00 0.000000000000000000e+00 0.000000000000000000e+00 0.000000000000000000e+00
1.523900969999999910e+00 6.849300699999999464e-01 0.000000000000000000e+00 0.000000000000000000e+00 0.000000000000000000e+00 0.000000000000000000e+00 0.000000000000000000e+00 0.000000000000000000e+00 0.000000000000000000e+00 0.000000000000000000e+00 0.000000000000000000e+00 0.000000000000000000e+00 0.000000000000000000e+00 0.000000000000000000e+00 0.000000000000000000e+00 0.000000000000000000e+00 0.000000000000000000e+00 0.000000000000000000e+00 0.000000000000000000e+00 0.000000000000000000e+00 0.000000000000000000e+00
3.464190480000000072e+00 3.321289559999999863e+00 1.958308149999999914e+00 1.958308149999999914e+00 1.958308149999999914e+00 0.000000000000000000e+00 0.000000000000000000e+00 0.000000000000000000e+00 0.000000000000000000e+00 0.000000000000000000e+00 0.000000000000000000e+00 0.000000000000000000e+00 0.000000000000000000e+00 0.000000000000000000e+00 0.000000000000000000e+00 0.000000000000000000e+00 0.000000000000000000e+00 0.000000000000000000e+00 0.000000000000000000e+00 0.000000000000000000e+00 0.000000000000000000e+00
4.038585089999999767e+00 4.038585089999999767e+00 4.038585089999999767e+00 4.038585089999999767e+00 4.038585089999999767e+00 4.038585089999999767e+00 4.038585089999999767e+00 4.038585089999999767e+00 4.038585089999999767e+00 4.038585089999999767e+00 4.038585089999999767e+00 4.038585089999999767e+00 4.038585089999999767e+00 2.931891289999999817e+00 2.931891289999999817e+00 2.931891289999999817e+00 2.931891289999999817e+00 0.000000000000000000e+00 0.000000000000000000e+00 0.000000000000000000e+00 0.000000000000000000e+00
4.969723029999999930e+00 4.969723029999999930e+00 3.530840289999999992e+00 3.530840289999999992e+00 3.530840289999999992e+00 3.530840289999999992e+00 3.530840289999999992e+00 3.530840289999999992e+00 2.353881059999999970e+00 2.353881059999999970e+00 2.353881059999999970e+00 2.353881059999999970e+00 2.353881059999999970e+00 2.353881059999999970e+00 2.353881059999999970e+00 2.353881059999999970e+00 2.353881059999999970e+00 1.200165689999999952e+00 1.200165689999999952e+00 1.200165689999999952e+00 9.529568400000000272e-01
3.520131790000000205e+00 3.520131790000000205e+00 2.646721509999999888e+00 2.646721509999999888e+00 2.373269099999999909e+00 1.343110290000000040e+00 1.343110290000000040e+00 1.343110290000000040e+00 1.343110290000000040e+00 9.417214499999999600e-01 9.417214499999999600e-01 9.417214499999999600e-01 9.417214499999999600e-01 9.417214499999999600e-01 9.417214499999999600e-01 9.417214499999999600e-01 9.417214499999999600e-01 9.417214499999999600e-01 9.417214499999999600e-01 9.417214499999999600e-01 9.417214499999999600e-01
5.853516739999999885e+00 5.853516739999999885e+00 5.853516739999999885e+00 5.853516739999999885e+00 5.377852260000000051e+00 5.377852260000000051e+00 5.377852260000000051e+00 5.377852260000000051e+00 2.784207199999999993e+00 2.784207199999999993e+00 0.000000000000000000e+00 0.000000000000000000e+00 0.000000000000000000e+00 0.000000000000000000e+00 0.000000000000000000e+00 0.000000000000000000e+00 0.000000000000000000e+00 0.000000000000000000e+00 0.000000000000000000e+00 0.000000000000000000e+00 0.000000000000000000e+00
1.870369539999999997e+00 1.644959580000000088e+00 1.644959580000000088e+00 1.644959580000000088e+00 1.644959580000000088e+00 1.644959580000000088e+00 1.644959580000000088e+00 1.644959580000000088e+00 1.644959580000000088e+00 1.644959580000000088e+00 1.644959580000000088e+00 5.866321199999999791e-01 5.866321199999999791e-01 5.866321199999999791e-01 5.866321199999999791e-01 5.866321199999999791e-01 5.866321199999999791e-01 5.866321199999999791e-01 5.866321199999999791e-01 5.866321199999999791e-01 5.866321199999999791e-01
3.071065640000000041e+00 3.071065640000000041e+00 2.471294710000000006e+00 1.923747300000000049e+00 1.923747300000000049e+00 1.923747300000000049e+00 1.923747300000000049e+00 1.923747300000000049e+00 1.923747300000000049e+00 1.923747300000000049e+00 1.923747300000000049e+00 0.000000000000000000e+00 0.000000000000000000e+00 0.000000000000000000e+00 0.000000000000000000e+00 0.000000000000000000e+00 0.000000000000000000e+00 0.000000000000000000e+00 0.000000000000000000e+00 0.000000000000000000e+00 0.000000000000000000e+00
3.246749190000000063e+00 3.246749190000000063e+00 8.559485999999999484e-01 0.000000000000000000e+00 0.000000000000000000e+00 0.000000000000000000e+00 0.000000000000000000e+00 0.000000000000000000e+00 0.000000000000000000e+00 0.000000000000000000e+00 0.000000000000000000e+00 0.000000000000000000e+00 0.000000000000000000e+00 0.000000000000000000e+00 0.000000000000000000e+00 0.000000000000000000e+00 0.000000000000000000e+00 0.000000000000000000e+00 0.000000000000000000e+00 0.000000000000000000e+00 0.000000000000000000e+00
2.777657440000000033e+00 2.777657440000000033e+00 2.777657440000000033e+00 2.777657440000000033e+00 2.777657440000000033e+00 2.777657440000000033e+00 2.777657440000000033e+00 2.777657440000000033e+00 1.675961859999999914e+00 3.053056100000000050e-01 0.000000000000000000e+00 0.000000000000000000e+00 0.000000000000000000e+00 0.000000000000000000e+00 0.000000000000000000e+00 0.000000000000000000e+00 0.000000000000000000e+00 0.000000000000000000e+00 0.000000000000000000e+00 0.000000000000000000e+00 0.000000000000000000e+00
4.931521400000000277e+00 4.931521400000000277e+00 4.931521400000000277e+00 4.931521400000000277e+00 4.931521400000000277e+00 4.931521400000000277e+00 4.931521400000000277e+00 4.931521400000000277e+00 4.931521400000000277e+00 4.931521400000000277e+00 4.931521400000000277e+00 2.502833680000000172e+00 1.134237060000000019e+00 1.134237060000000019e+00 1.134237060000000019e+00 1.134237060000000019e+00 1.134237060000000019e+00 1.134237060000000019e+00 1.134237060000000019e+00 1.134237060000000019e+00 1.134237060000000019e+00
5.064921990000000207e+00 5.064921990000000207e+00 5.064921990000000207e+00 5.064921990000000207e+00 2.634237099999999998e+00 2.634237099999999998e+00 2.433115260000000113e+00 3.998059800000000052e-01 3.998059800000000052e-01 0.000000000000000000e+00 0.000000000000000000e+00 0.000000000000000000e+00 0.000000000000000000e+00 0.000000000000000000e+00 0.000000000000000000e+00 0.000000000000000000e+00 0.000000000000000000e+00 0.000000000000000000e+00 0.000000000000000000e+00 0.000000000000000000e+00 0.000000000000000000e+00
4.724902430000000209e+00 6.914360800000000085e-01 6.914360800000000085e-01 0.000000000000000000e+00 0.000000000000000000e+00 0.000000000000000000e+00 0.000000000000000000e+00 0.000000000000000000e+00 0.000000000000000000e+00 0.000000000000000000e+00 0.000000000000000000e+00 0.000000000000000000e+00 0.000000000000000000e+00 0.000000000000000000e+00 0.000000000000000000e+00 0.000000000000000000e+00 0.000000000000000000e+00 0.000000000000000000e+00 0.000000000000000000e+00 0.000000000000000000e+00 0.000000000000000000e+00
1.058476090000000092e+00 1.058476090000000092e+00 1.058476090000000092e+00 5.859191700000000447e-01 5.859191700000000447e-01 5.859191700000000447e-01 5.859191700000000447e-01 5.859191700000000447e-01 5.859191700000000447e-01 5.859191700000000447e-01 5.859191700000000447e-01 5.859191700000000447e-01 5.859191700000000447e-01 5.859191700000000447e-01 5.859191700000000447e-01 5.859191700000000447e-01 5.859191700000000447e-01 5.859191700000000447e-01 5.859191700000000447e-01 5.859191700000000447e-01 5.859191700000000447e-01
6.576559719999999665e+00 6.576559719999999665e+00 6.576559719999999665e+00 4.952151999999999887e+00 2.039053430000000056e+00 2.039053430000000056e+00 2.039053430000000056e+00 2.039053430000000056e+00 0.000000000000000000e+00 0.000000000000000000e+00 0.000000000000000000e+00 0.000000000000000000e+00 0.000000000000000000e+00 0.000000000000000000e+00 0.000000000000000000e+00 0.000000000000000000e+00 0.000000000000000000e+00 0.000000000000000000e+00 0.000000000000000000e+00 0.000000000000000000e+00 0.000000000000000000e+00
2.134138189999999824e+00 2.134138189999999824e+00 2.001472090000000037e+00 2.001472090000000037e+00 2.001472090000000037e+00 2.479091599999999895e-01 2.479091599999999895e-01 2.479091599999999895e-01 0.000000000000000000e+00 0.000000000000000000e+00 0.000000000000000000e+00 0.000000000000000000e+00 0.000000000000000000e+00 0.000000000000000000e+00 0.000000000000000000e+00 0.000000000000000000e+00 0.000000000000000000e+00 0.000000000000000000e+00 0.000000000000000000e+00 0.000000000000000000e+00 0.000000000000000000e+00
5.544387770000000160e+00 5.218611819999999568e+00 5.218611819999999568e+00 5.218611819999999568e+00 5.218611819999999568e+00 5.218611819999999568e+00 5.218611819999999568e+00 5.218611819999999568e+00 5.218611819999999568e+00 5.218611819999999568e+00 5.111283600000000149e+00 5.111283600000000149e+00 5.111283600000000149e+00 5.111283600000000149e+00 5.111283600000000149e+00 5.111283600000000149e+00 5.111283600000000149e+00 5.111283600000000149e+00 5.111283600000000149e+00 5.111283600000000149e+00 5.111283600000000149e+00
4.704302750000000088e+00 4.704302750000000088e+00 4.704302750000000088e+00 4.704302750000000088e+00 4.704302750000000088e+00 4.704302750000000088e+00 4.704302750000000088e+00 4.704302750000000088e+00 4.704302750000000088e+00 2.798293619999999926e+00 2.798293619999999926e+00 1.152019069999999923e+00 1.152019069999999923e+00 8.686725199999999480e-01 0.000000000000000000e+00 0.000000000000000000e+00 0.000000000000000000e+00 0.000000000000000000e+00 0.000000000000000000e+00 0.000000000000000000e+00 0.000000000000000000e+00
2.634936810000000129e+00 2.634936810000000129e+00 2.634936810000000129e+00 2.634936810000000129e+00 2.634936810000000129e+00 2.634936810000000129e+00 2.634936810000000129e+00 2.634936810000000129e+00 1.642737139999999929e+00 1.642737139999999929e+00 1.642737139999999929e+00 1.574331029999999965e+00 1.574331029999999965e+00 1.574331029999999965e+00 1.574331029999999965e+00 1.574331029999999965e+00 1.574331029999999965e+00 1.762328200000000122e-01 1.762328200000000122e-01 1.762328200000000122e-01 1.762328200000000122e-01
6.514095890000000111e+00 6.514095890000000111e+00 6.439648609999999884e+00 3.190332610000000013e+00 3.190332610000000013e+00 2.418305919999999887e+00 2.418305919999999887e+00 2.418305919999999887e+00 2.418305919999999887e+00 2.418305919999999887e+00 1.667240410000000006e+00 1.466661900000000074e+00 1.601122700000000010e-01 0.000000000000000000e+00 0.000000000000000000e+00 0.000000000000000000e+00 0.000000000000000000e+00 0.000000000000000000e+00 0.000000000000000000e+00 0.000000000000000000e+00 0.000000000000000000e+00
4.176800410000000241e+00 3.925290229999999880e+00 3.925290229999999880e+00 3.925290229999999880e+00 3.221098850000000180e+00 3.221098850000000180e+00 3.221098850000000180e+00 3.221098850000000180e+00 3.221098850000000180e+00 3.221098850000000180e+00 3.221098850000000180e+00 2.785085500000000103e+00 1.518361260000000046e+00 1.518361260000000046e+00 1.518361260000000046e+00 6.071613399999999938e-01 6.071613399999999938e-01 6.071613399999999938e-01 6.071613399999999938e-01 6.071613399999999938e-01 6.071613399999999938e-01
3.762331559999999797e+00 1.474610549999999964e+00 9.901711600000000502e-01 0.000000000000000000e+00 0.000000000000000000e+00 0.000000000000000000e+00 0.000000000000000000e+00 0.000000000000000000e+00 0.000000000000000000e+00 0.000000000000000000e+00 0.000000000000000000e+00 0.000000000000000000e+00 0.000000000000000000e+00 0.000000000000000000e+00 0.000000000000000000e+00 0.000000000000000000e+00 0.000000000000000000e+00 0.000000000000000000e+00 0.000000000000000000e+00 0.000000000000000000e+00 0.000000000000000000e+00
2.177411349999999857e+00 2.177411349999999857e+00 2.177411349999999857e+00 1.974269459999999921e+00 1.974269459999999921e+00 1.842658199999999968e-01 1.842658199999999968e-01 1.842658199999999968e-01 1.842658199999999968e-01 1.842658199999999968e-01 1.842658199999999968e-01 1.842658199999999968e-01 1.842658199999999968e-01 1.842658199999999968e-01 1.842658199999999968e-01 1.842658199999999968e-01 1.842658199999999968e-01 1.842658199999999968e-01 1.842658199999999968e-01 1.842658199999999968e-01 1.842658199999999968e-01
3.067536169999999895e+00 3.067536169999999895e+00 3.067536169999999895e+00 3.067536169999999895e+00 3.067536169999999895e+00 3.067536169999999895e+00 3.067536169999999895e+00 3.067536169999999895e+00 3.067536169999999895e+00 3.067536169999999895e+00 3.067536169999999895e+00 3.067536169999999895e+00 3.067536169999999895e+00 3.067536169999999895e+00 3.067536169999999895e+00 3.067536169999999895e+00 3.067536169999999895e+00 2.679509610000000208e+00 2.679509610000000208e+00 2.679509610000000208e+00 2.679509610000000208e+00
5.843371870000000357e+00 2.912839190000000134e+00 2.912839190000000134e+00 2.912839190000000134e+00 2.159635670000000118e+00 2.159635670000000118e+00 2.159635670000000118e+00 2.159635670000000118e+00 2.159635670000000118e+00 2.159635670000000118e+00 2.159635670000000118e+00 2.159635670000000118e+00 0.000000000000000000e+00 0.000000000000000000e+00 0.000000000000000000e+00 0.000000000000000000e+00 0.000000000000000000e+00 0.000000000000000000e+00 0.000000000000000000e+00 0.000000000000000000e+00 0.000000000000000000e+00
2.048580729999999850e+00 2.048580729999999850e+00 1.001450219999999947e+00 7.826843100000000497e-01 7.135583800000000476e-01 7.135583800000000476e-01 7.135583800000000476e-01 7.135583800000000476e-01 7.135583800000000476e-01 7.135583800000000476e-01 7.135583800000000476e-01 7.135583800000000476e-01 7.135583800000000476e-01 7.135583800000000476e-01 7.135583800000000476e-01 7.135583800000000476e-01 6.878787499999999833e-01 6.878787499999999833e-01 6.878787499999999833e-01 6.878787499999999833e-01 6.878787499999999833e-01
2.636848839999999861e+00 2.636848839999999861e+00 1.134348789999999996e+00 1.134348789999999996e+00 1.134348789999999996e+00 9.632040600000000286e-01 9.632040600000000286e-01 9.632040600000000286e-01 9.632040600000000286e-01 9.632040600000000286e-01 9.632040600000000286e-01 9.632040600000000286e-01 9.632040600000000286e-01 6.584060099999999860e-01 0.000000000000000000e+00 0.000000000000000000e+00 0.000000000000000000e+00 0.000000000000000000e+00 0.000000000000000000e+00 0.000000000000000000e+00 0.000000000000000000e+00
5.524319710000000327e+00 1.971370339999999999e+00 1.597279019999999994e+00 1.597279019999999994e+00 1.597279019999999994e+00 1.597279019999999994e+00 1.597279019999999994e+00 1.597279019999999994e+00 1.597279019999999994e+00 1.597279019999999994e+00 1.597279019999999994e+00 1.597279019999999994e+00 1.597279019999999994e+00 1.597279019999999994e+00 1.597279019999999994e+00 1.597279019999999994e+00 1.597279019999999994e+00 1.597279019999999994e+00 1.597279019999999994e+00 1.597279019999999994e+00 1.597279019999999994e+00
3.397315859999999965e+00 3.397315859999999965e+00 3.397315859999999965e+00 2.955549689999999785e+00 2.955549689999999785e+00 2.955549689999999785e+00 2.955549689999999785e+00 1.987444599999999895e+00 1.987444599999999895e+00 1.987444599999999895e+00 1.987444599999999895e+00 1.987444599999999895e+00 1.987444599999999895e+00 1.987444599999999895e+00 1.987444599999999895e+00 1.987444599999999895e+00 6.248103900000000488e-01 0.000000000000000000e+00 0.000000000000000000e+00 0.000000000000000000e+00 0.000000000000000000e+00
2.599964359999999974e+00 2.599964359999999974e+00 2.599964359999999974e+00 2.599964359999999974e+00 2.599964359999999974e+00 2.599964359999999974e+00 1.825105200000000094e+00 1.825105200000000094e+00 1.825105200000000094e+00 1.825105200000000094e+00 1.825105200000000094e+00 1.825105200000000094e+00 1.825105200000000094e+00 1.825105200000000094e+00 1.825105200000000094e+00 1.825105200000000094e+00 1.825105200000000094e+00 1.825105200000000094e+00 1.825105200000000094e+00 1.825105200000000094e+00 1.825105200000000094e+00
3.322661640000000194e+00 3.322661640000000194e+00 3.322661640000000194e+00 3.322661640000000194e+00 3.322661640000000194e+00 3.322661640000000194e+00 3.322661640000000194e+00 3.322661640000000194e+00 3.322661640000000194e+00 3.322661640000000194e+00 3.322661640000000194e+00 3.322661640000000194e+00 3.322661640000000194e+00 3.322661640000000194e+00 3.322661640000000194e+00 2.232530169999999980e+00 1.910767869999999924e+00 1.810870259999999954e+00 1.503876039999999970e+00 1.503876039999999970e+00 6.486996400000000218e-01
2.418478760000000172e+00 2.418478760000000172e+00 1.549036709999999983e+00 1.506008790000000097e+00 1.506008790000000097e+00 1.506008790000000097e+00 2.772279899999999797e-01 2.772279899999999797e-01 0.000000000000000000e+00 0.000000000000000000e+00 0.000000000000000000e+00 0.000000000000000000e+00 0.000000000000000000e+00 0.000000000000000000e+00 0.000000000000000000e+00 0.000000000000000000e+00 0.000000000000000000e+00 0.000000000000000000e+00 0.000000000000000000e+00 0.000000000000000000e+00 0.000000000000000000e+00
5.278037280000000386e+00 5.278037280000000386e+00 4.429000509999999835e+00 4.429000509999999835e+00 6.117222300000000335e-01 6.117222300000000335e-01 0.000000000000000000e+00 0.000000000000000000e+00 0.000000000000000000e+00 0.000000000000000000e+00 0.000000000000000000e+00 0.000000000000000000e+00 0.000000000000000000e+00 0.000000000000000000e+00 0.000000000000000000e+00 0.000000000000000000e+00 0.000000000000000000e+00 0.000000000000000000e+00 0.000000000000000000e+00 0.000000000000000000e+00 0.000000000000000000e+00
3.422731740000000134e+00 3.422731740000000134e+00 3.422731740000000134e+00 1.662774640000000081e+00 1.277143099999999976e-01 0.000000000000000000e+00 0.000000000000000000e+00 0.000000000000000000e+00 0.000000000000000000e+00 0.000000000000000000e+00 0.000000000000000000e+00 0.000000000000000000e+00 0.000000000000000000e+00 0.000000000000000000e+00 0.000000000000000000e+00 0.000000000000000000e+00 0.000000000000000000e+00 0.000000000000000000e+00 0.000000000000000000e+00 0.000000000000000000e+00 0.000000000000000000e+00
2.514012629999999859e+00 1.795821400000000012e-01 0.000000000000000000e+00 0.000000000000000000e+00 0.000000000000000000e+00 0.000000000000000000e+00 0.000000000000000000e+00 0.000000000000000000e+00 0.000000000000000000e+00 0.000000000000000000e+00 0.000000000000000000e+00 0.000000000000000000e+00 0.000000000000000000e+00 0.000000000000000000e+00 0.000000000000000000e+00 0.000000000000000000e+00 0.000000000000000000e+00 0.000000000000000000e+00 0.000000000000000000e+00 0.000000000000000000e+00 0.000000000000000000e+00
5.183344059999999587e+00 5.183344059999999587e+00 5.183344059999999587e+00 2.506690850000000026e+00 2.506690850000000026e+00 2.506690850000000026e+00 2.506690850000000026e+00 2.506690850000000026e+00 2.506690850000000026e+00 2.506690850000000026e+00 9.092787399999999742e-01 9.092787399999999742e-01 9.092787399999999742e-01 9.092787399999999742e-01 9.092787399999999742e-01 9.092787399999999742e-01 9.092787399999999742e-01 9.092787399999999742e-01 9.092787399999999742e-01 9.092787399999999742e-01 9.092787399999999742e-01
4.419632909999999804e+00 4.303940399999999777e-01 0.000000000000000000e+00 0.000000000000000000e+00 0.000000000000000000e+00 0.000000000000000000e+00 0.000000000000000000e+00 0.000000000000000000e+00 0.000000000000000000e+00 0.000000000000000000e+00 0.000000000000000000e+00 0.000000000000000000e+00 0.000000000000000000e+00 0.000000000000000000e+00 0.000000000000000000e+00 0.000000000000000000e+00 0.000000000000000000e+00 0.000000000000000000e+00 0.000000000000000000e+00 0.000000000000000000e+00 0.000000000000000000e+00
2.604800780000000149e+00 1.391887859999999977e+00 1.391887859999999977e+00 1.073689459999999984e+00 1.073689459999999984e+00 1.073689459999999984e+00 1.073689459999999984e+00 1.073689459999999984e+00 1.073689459999999984e+00 1.073689459999999984e+00 1.073689459999999984e+00 1.073689459999999984e+00 1.073689459999999984e+00 1.073689459999999984e+00 1.073689459999999984e+00 1.073689459999999984e+00 1.073689459999999984e+00 8.963491900000000179e-01 7.217527999999999722e-01 0.000000000000000000e+00 0.000000000000000000e+00
4.145431130000000408e+00 2.090671250000000203e+00 2.090671250000000203e+00 2.090671250000000203e+00 2.090671250000000203e+00 2.090671250000000203e+00 2.090671250000000203e+00 2.090671250000000203e+00 2.090671250000000203e+00 2.090671250000000203e+00 2.090671250000000203e+00 2.090671250000000203e+00 2.090671250000000203e+00 2.090671250000000203e+00 2.090671250000000203e+00 2.090671250000000203e+00 2.090671250000000203e+00 2.090671250000000203e+00 2.090671250000000203e+00 2.090671250000000203e+00 2.090671250000000203e+00
2.008150800000000125e+00 2.008150800000000125e+00 2.008150800000000125e+00 1.781991000000000103e+00 1.526651870000000022e+00 1.526651870000000022e+00 1.134319539999999904e+00 9.772063100000000224e-01 9.772063100000000224e-01 9.772063100000000224e-01 8.026636000000000326e-01 8.026636000000000326e-01 8.026636000000000326e-01 8.026636000000000326e-01 8.026636000000000326e-01 8.026636000000000326e-01 8.026636000000000326e-01 0.000000000000000000e+00 0.000000000000000000e+00 0.000000000000000000e+00 0.000000000000000000e+00
2.587623080000000186e+00 2.587623080000000186e+00 2.587623080000000186e+00 3.717915500000000262e-01 3.717915500000000262e-01 0.000000000000000000e+00 0.000000000000000000e+00 0.000000000000000000e+00 0.000000000000000000e+00 0.000000000000000000e+00 0.000000000000000000e+00 0.000000000000000000e+00 0.000000000000000000e+00 0.000000000000000000e+00 0.000000000000000000e+00 0.000000000000000000e+00 0.000000000000000000e+00 0.000000000000000000e+00 0.000000000000000000e+00 0.000000000000000000e+00 0.000000000000000000e+00
5.359179329999999908e+00 4.101808469999999929e+00 0.000000000000000000e+00 0.000000000000000000e+00 0.000000000000000000e+00 0.000000000000000000e+00 0.000000000000000000e+00 0.000000000000000000e+00 0.000000000000000000e+00 0.000000000000000000e+00 0.000000000000000000e+00 0.000000000000000000e+00 0.000000000000000000e+00 0.000000000000000000e+00 0.000000000000000000e+00 0.000000000000000000e+00 0.000000000000000000e+00 0.000000000000000000e+00 0.000000000000000000e+00 0.000000000000000000e+00 0.000000000000000000e+00
