-1.097165762089033869e+01 -2.719401404467538974e+00 -2.719401404467538974e+00 -2.719401404467538974e+00 -2.719401404467538974e+00 -2.719401404467538974e+00 -2.719401404467538974e+00 -2.719401404467538974e+00 -1.598110883746215904e+00 -1.598110883746215904e+00 -1.598110883746215904e+00 -1.598110883746215904e+00 -8.476618286582660033e-01 -8.476618286582660033e-01 -8.476618286582660033e-01 -8.476618286582660033e-01 -8.476618286582660033e-01 -8.476618286582660033e-01 -4.550152644963052495e-01 -4.550152644963052495e-01 -4.550152644963052495e-01
-1.964329797433082803e+01 -1.964329797433082803e+01 -1.355133522050912376e+01 -1.355133522050912376e+01 -1.355133522050912376e+01 -1.182213399384375307e+01 -1.096088903565150474e+01 -1.096088903565150474e+01 -1.096088903565150474e+01 -4.363111589832886494e-01 -4.363111589832886494e-01 -4.363111589832886494e-01 -4.363111589832886494e-01 -4.363111589832886494e-01 -4.363111589832886494e-01 -4.363111589832886494e-01 -4.363111589832886494e-01 -4.363111589832886494e-01 -4.363111589832886494e-01 -4.363111589832886494e-01 -4.363111589832886494e-01
-6.592833036817346226e+00 -6.592833036817346226e+00 -6.592833036817346226e+00 -6.592833036817346226e+00 -6.592833036817346226e+00 -6.592833036817346226e+00 -6.592833036817346226e+00 -6.592833036817346226e+00 -6.592833036817346226e+00 -6.592833036817346226e+00 -1.939899373318207054e+00 -1.939899373318207054e+00 -1.939899373318207054e+00 -1.939899373318207054e+00 -1.939899373318207054e+00 -1.939899373318207054e+00 -1.939899373318207054e+00 -1.939899373318207054e+00 -1.939899373318207054e+00 -1.939899373318207054e+00 -1.939899373318207054e+00
-1.807886746449890936e+01 -1.715461236150172297e+01 -1.715461236150172297e+01 -1.259974255510392993e+01 -1.235144899290416909e+01 -1.235144899290416909e+01 -2.195170651893709746e+00 -9.235897309773868358e-01 -9.235897309773868358e-01 -9.235897309773868358e-01 -5.104737180310383593e-01 -5.104737180310383593e-01 -5.104737180310383593e-01 -5.104737180310383593e-01 -5.104737180310383593e-01 -5.104737180310383593e-01 -5.104737180310383593e-01 -5.104737180310383593e-01 -5.104737180310383593e-01 -5.104737180310383593e-01 -5.104737180310383593e-01
-5.762208901784603654e+00 -5.762208901784603654e+00 -5.762208901784603654e+00 -2.213882284363580588e+00 -2.213882284363580588e+00 -2.213882284363580588e+00 -2.213882284363580588e+00 -2.213882284363580588e+00 -2.213882284363580588e+00 -2.213882284363580588e+00 -2.213882284363580588e+00 -2.213882284363580588e+00 -2.213882284363580588e+00 -1.962588807622244857e+00 -1.962588807622244857e+00 -1.962588807622244857e+00 -1.690303510754100458e+00 -1.690303510754100458e+00 -1.690303510754100458e+00 -1.690303510754100458e+00 -1.690303510754100458e+00
-1.022566860804225009e+01 -1.022566860804225009e+01 -1.022566860804225009e+01 -1.022566860804225009e+01 -1.022566860804225009e+01 -2.834274966028653253e+00 -1.644096772819596097e+00 -1.644096772819596097e+00 -1.644096772819596097e+00 -1.644096772819596097e+00 -1.644096772819596097e+00 -1.644096772819596097e+00 -1.644096772819596097e+00 -1.644096772819596097e+00 -1.644096772819596097e+00 -1.644096772819596097e+00 -1.644096772819596097e+00 -1.644096772819596097e+00 -1.644096772819596097e+00 -1.644096772819596097e+00 -7.061358767507694978e-01
-1.531731051317482972e+01 -1.531731051317482972e+01 -2.024911842948345253e+00 -2.024911842948345253e+00 -2.024911842948345253e+00 -2.024911842948345253e+00 -2.024911842948345253e+00 -2.024911842948345253e+00 -2.024911842948345253e+00 -2.024911842948345253e+00 -2.024911842948345253e+00 -2.024911842948345253e+00 -2.024911842948345253e+00 -2.024911842948345253e+00 -2.024911842948345253e+00 -2.024911842948345253e+00 -2.024911842948345253e+00 -2.024911842948345253e+00 -2.024911842948345253e+00 -2.024911842948345253e+00 -2.024911842948345253e+00
-5.211335324193093754e+00 -4.420720836903540452e+00 -4.420720836903540452e+00 -4.420720836903540452e+00 -4.159365431981700389e+00 -4.159365431981700389e+00 -4.159365431981700389e+00 -4.159365431981700389e+00 -9.876152407113991671e-01 -9.876152407113991671e-01 -9.876152407113991671e-01 -9.876152407113991671e-01 -9.876152407113991671e-01 -9.876152407113991671e-01 -9.876152407113991671e-01 -9.876152407113991671e-01 -9.876152407113991671e-01 -9.876152407113991671e-01 -6.796044895888027071e-01 -6.796044895888027071e-01 -6.796044895888027071e-01
-1.541624546847087451e+01 -6.262080002084856822e+00 -6.262080002084856822e+00 -6.262080002084856822e+00 -2.133536221064099792e+00 -2.133536221064099792e+00 -2.133536221064099792e+00 -2.133536221064099792e+00 -2.133536221064099792e+00 -2.036119475078008279e+00 -2.036119475078008279e+00 -2.036119475078008279e+00 -8.390276767111934930e-01 -8.390276767111934930e-01 -8.390276767111934930e-01 -8.390276767111934930e-01 -8.390276767111934930e-01 -8.390276767111934930e-01 -6.337858384394028377e-01 -6.337858384394028377e-01 -6.337858384394028377e-01
-3.464024858390949646e+00 -3.464024858390949646e+00 -3.464024858390949646e+00 -3.464024858390949646e+00 -1.599941174241001463e+00 -1.599941174241001463e+00 -1.599941174241001463e+00 -1.599941174241001463e+00 -1.599941174241001463e+00 -1.599941174241001463e+00 -6.513236416670480367e-01 -6.513236416670480367e-01 -6.513236416670480367e-01 -6.513236416670480367e-01 -6.134310257431394575e-01 -6.134310257431394575e-01 -6.134310257431394575e-01 -6.134310257431394575e-01 -5.947761499148285225e-01 -3.979208824334730110e-01 -3.979208824334730110e-01
-2.710610964564511782e+00 -2.710610964564511782e+00 -1.971689597272320071e+00 -1.971689597272320071e+00 -1.971689597272320071e+00 -1.971689597272320071e+00 -1.971689597272320071e+00 -1.971689597272320071e+00 -1.971689597272320071e+00 -1.971689597272320071e+00 -1.971689597272320071e+00 -1.200784270168966827e+00 -4.436478464510056341e-01 -4.436478464510056341e-01 -4.436478464510056341e-01 -4.436478464510056341e-01 -4.436478464510056341e-01 -4.436478464510056341e-01 -4.436478464510056341e-01 -4.436478464510056341e-01 -4.436478464510056341e-01
-4.007618400111158330e+00 -4.007618400111158330e+00 -4.007618400111158330e+00 -4.007618400111158330e+00 -4.805361635955041066e-01 -4.805361635955041066e-01 -4.805361635955041066e-01 -4.805361635955041066e-01 -4.805361635955041066e-01 -4.805361635955041066e-01 -4.805361635955041066e-01 -4.805361635955041066e-01 -4.805361635955041066e-01 -4.805361635955041066e-01 -4.805361635955041066e-01 -4.805361635955041066e-01 -4.805361635955041066e-01 -4.805361635955041066e-01 -4.805361635955041066e-01 -4.805361635955041066e-01 -4.805361635955041066e-01
-5.499315281120278343e-01 -5.499315281120278343e-01 -5.499315281120278343e-01 -5.499315281120278343e-01 -5.499315281120278343e-01 -5.499315281120278343e-01 -5.499315281120278343e-01 -5.499315281120278343e-01 -5.499315281120278343e-01 -5.499315281120278343e-01 -5.499315281120278343e-01 -5.499315281120278343e-01 -5.499315281120278343e-01 -5.499315281120278343e-01 -5.499315281120278343e-01 -5.499315281120278343e-01 -5.499315281120278343e-01 -5.499315281120278343e-01 -5.499315281120278343e-01 -5.499315281120278343e-01 -5.499315281120278343e-01
-8.268069714215632970e+00 -8.268069714215632970e+00 -8.268069714215632970e+00 -2.081705807851833789e+00 -2.081705807851833789e+00 -2.081705807851833789e+00 -2.081705807851833789e+00 -2.081705807851833789e+00 -2.081705807851833789e+00 -2.081705807851833789e+00 -2.081705807851833789e+00 -2.081705807851833789e+00 -2.081705807851833789e+00 -2.081705807851833789e+00 -2.062045147839132397e+00 -2.062045147839132397e+00 -2.062045147839132397e+00 -2.062045147839132397e+00 -2.062045147839132397e+00 -2.062045147839132397e+00 -1.056188120482801196e+00
-1.414992002401474380e+00 -1.414992002401474380e+00 -1.414992002401474380e+00 -1.414992002401474380e+00 -1.414992002401474380e+00 -1.414992002401474380e+00 -1.414992002401474380e+00 -1.414992002401474380e+00 -1.414992002401474380e+00 -1.414992002401474380e+00 -1.414992002401474380e+00 -1.414992002401474380e+00 -1.414992002401474380e+00 -1.414992002401474380e+00 -4.189463945405318412e-01 -4.189463945405318412e-01 -4.189463945405318412e-01 -4.189463945405318412e-01 -4.189463945405318412e-01 -4.189463945405318412e-01 -4.189463945405318412e-01
-6.367995820650792282e+00 -6.367995820650792282e+00 -6.367995820650792282e+00 -6.367995820650792282e+00 -6.367995820650792282e+00 -2.766073769259423720e+00 -2.766073769259423720e+00 -2.766073769259423720e+00 -2.766073769259423720e+00 -2.766073769259423720e+00 -2.766073769259423720e+00 -2.766073769259423720e+00 -2.766073769259423720e+00 -2.766073769259423720e+00 -2.766073769259423720e+00 -2.766073769259423720e+00 -2.766073769259423720e+00 -2.766073769259423720e+00 -1.228810103723603220e+00 -1.228810103723603220e+00 -1.228810103723603220e+00
-1.628814546458009715e+00 -9.207988061884826436e-01 -9.207988061884826436e-01 -9.207988061884826436e-01 -9.207988061884826436e-01 -9.207988061884826436e-01 -9.207988061884826436e-01 -9.207988061884826436e-01 -9.207988061884826436e-01 -5.453983882855464316e-01 -5.453983882855464316e-01 -5.453983882855464316e-01 -5.453983882855464316e-01 -5.453983882855464316e-01 -5.453983882855464316e-01 -5.453983882855464316e-01 -5.453983882855464316e-01 -5.453983882855464316e-01 -5.453983882855464316e-01 -5.453983882855464316e-01 -5.453983882855464316e-01
-2.575584631701552496e+00 -2.575584631701552496e+00 -2.575584631701552496e+00 -2.575584631701552496e+00 -2.575584631701552496e+00 -2.575584631701552496e+00 -2.575584631701552496e+00 -2.575584631701552496e+00 -2.575584631701552496e+00 -2.575584631701552496e+00 -2.575584631701552496e+00 -2.575584631701552496e+00 -2.575584631701552496e+00 -2.575584631701552496e+00 -2.018833442143282753e+00 -2.018833442143282753e+00 -4.486753457783621002e-01 -4.486753457783621002e-01 -4.486753457783621002e-01 -4.486753457783621002e-01 -4.486753457783621002e-01
-8.150075223157177362e+00 -6.761111924795666361e+00 -5.043005826508785816e+00 -1.585899401569124123e+00 -1.585899401569124123e+00 -1.585899401569124123e+00 -1.585899401569124123e+00 -1.585899401569124123e+00 -1.585899401569124123e+00 -1.585899401569124123e+00 -1.585899401569124123e+00 -1.585899401569124123e+00 -1.585899401569124123e+00 -1.585899401569124123e+00 -1.585899401569124123e+00 -1.177946818489733261e+00 -1.177946818489733261e+00 -6.720976805908076557e-01 -6.720976805908076557e-01 -6.720976805908076557e-01 -6.720976805908076557e-01
-2.015417024428771242e+00 -2.015417024428771242e+00 -2.015417024428771242e+00 -2.015417024428771242e+00 -2.015417024428771242e+00 -2.015417024428771242e+00 -2.015417024428771242e+00 -2.015417024428771242e+00 -2.015417024428771242e+00 -2.015417024428771242e+00 -2.015417024428771242e+00 -2.015417024428771242e+00 -1.000236837564983716e+00 -1.000236837564983716e+00 -1.000236837564983716e+00 -1.000236837564983716e+00 -1.000236837564983716e+00 -1.000236837564983716e+00 -4.567172229660059202e-01 -4.567172229660059202e-01 -4.567172229660059202e-01
