-1.097165762089033869e+01 -1.097165762089033869e+01 -1.097165762089033869e+01 -1.097165762089033869e+01 -1.097165762089033869e+01 -9.576513983902634308e+00 -9.122929356484789309e+00 -1.927312980432148493e+00 -1.927312980432148493e+00 -6.841976499815114465e-01 -4.011912184652732805e-01 -4.011912184652732805e-01 -4.011912184652732805e-01 -4.011912184652732805e-01 -4.011912184652732805e-01 -4.011912184652732805e-01 -4.011912184652732805e-01 -4.011912184652732805e-01 -4.011912184652732805e-01 -4.011912184652732805e-01 -4.011912184652732805e-01
-1.964329797433082803e+01 -1.964329797433082803e+01 -1.096088903565150474e+01 -1.021414338753792705e+01 -1.021414338753792705e+01 -1.021414338753792705e+01 -1.021414338753792705e+01 -2.254679458823870775e+00 -2.123038282231187956e+00 -2.123038282231187956e+00 -2.123038282231187956e+00 -2.123038282231187956e+00 -2.123038282231187956e+00 -2.123038282231187956e+00 -2.123038282231187956e+00 -2.123038282231187956e+00 -2.123038282231187956e+00 -2.123038282231187956e+00 -4.912279263218586323e-01 -4.912279263218586323e-01 -4.912279263218586323e-01
-6.592833036817346226e+00 -6.592833036817346226e+00 -6.592833036817346226e+00 -6.592833036817346226e+00 -6.592833036817346226e+00 -6.592833036817346226e+00 -6.592833036817346226e+00 -6.592833036817346226e+00 -6.592833036817346226e+00 -6.592833036817346226e+00 -6.592833036817346226e+00 -6.592833036817346226e+00 -6.592833036817346226e+00 -3.570896319601587265e+00 -3.570896319601587265e+00 -3.570896319601587265e+00 -4.107958481044100552e-01 -4.107958481044100552e-01 -4.107958481044100552e-01 -4.107958481044100552e-01 -4.107958481044100552e-01
-1.807886746449890936e+01 -1.096088903565150474e+01 -6.126570265503050727e+00 -5.051650116330117513e+00 -5.051650116330117513e+00 -5.051650116330117513e+00 -1.956910135187143851e+00 -1.556279098616965229e+00 -1.556279098616965229e+00 -4.807987085953886464e-01 -4.807987085953886464e-01 -4.807987085953886464e-01 -4.807987085953886464e-01 -4.807987085953886464e-01 -3.993217974785068236e-01 -3.978880479587427743e-01 -3.978880479587427743e-01 -3.978880479587427743e-01 -3.978880479587427743e-01 -3.978880479587427743e-01 -3.978880479587427743e-01
-5.762208901784603654e+00 -5.762208901784603654e+00 -5.762208901784603654e+00 -5.762208901784603654e+00 -5.762208901784603654e+00 -1.944361703725510537e+00 -1.944361703725510537e+00 -1.944361703725510537e+00 -1.944361703725510537e+00 -1.944361703725510537e+00 -1.944361703725510537e+00 -1.944361703725510537e+00 -1.944361703725510537e+00 -1.944361703725510537e+00 -1.944361703725510537e+00 -1.944361703725510537e+00 -1.944361703725510537e+00 -1.332335741220139980e+00 -5.804203970855752459e-01 -5.804203970855752459e-01 -5.804203970855752459e-01
-1.022566860804225009e+01 -1.022566860804225009e+01 -1.022566860804225009e+01 -2.328417766227722119e+00 -2.328417766227722119e+00 -2.328417766227722119e+00 -2.328417766227722119e+00 -2.328417766227722119e+00 -6.153137463283506747e-01 -6.153137463283506747e-01 -6.153137463283506747e-01 -6.153137463283506747e-01 -6.153137463283506747e-01 -6.153137463283506747e-01 -6.153137463283506747e-01 -6.153137463283506747e-01 -6.153137463283506747e-01 -6.153137463283506747e-01 -6.153137463283506747e-01 -6.153137463283506747e-01 -6.153137463283506747e-01
-1.531731051317482972e+01 -1.531731051317482972e+01 -9.983996723232912984e-01 -9.983996723232912984e-01 -9.983996723232912984e-01 -9.983996723232912984e-01 -9.983996723232912984e-01 -9.983996723232912984e-01 -9.983996723232912984e-01 -6.249607900749882816e-01 -6.249607900749882816e-01 -6.249607900749882816e-01 -6.249607900749882816e-01 -6.249607900749882816e-01 -6.249607900749882816e-01 -6.249607900749882816e-01 -6.249607900749882816e-01 -6.249607900749882816e-01 -6.249607900749882816e-01 -4.014282512658198243e-01 -4.014282512658198243e-01
-5.211335324193093754e+00 -5.211335324193093754e+00 -5.211335324193093754e+00 -5.211335324193093754e+00 -5.211335324193093754e+00 -5.211335324193093754e+00 -2.166437922847003428e+00 -2.166437922847003428e+00 -2.166437922847003428e+00 -1.633891900019964538e+00 -4.401836464489292666e-01 -4.401836464489292666e-01 -4.401836464489292666e-01 -4.401836464489292666e-01 -4.401836464489292666e-01 -4.401836464489292666e-01 -4.401836464489292666e-01 -4.401836464489292666e-01 -4.401836464489292666e-01 -4.175679665573532873e-01 -4.175679665573532873e-01
-1.541624546847087451e+01 -1.541624546847087451e+01 -1.096088903565150474e+01 -3.236463201882781249e+00 -3.236463201882781249e+00 -3.236463201882781249e+00 -3.236463201882781249e+00 -3.236463201882781249e+00 -3.236463201882781249e+00 -3.236463201882781249e+00 -2.207086512281351887e+00 -2.207086512281351887e+00 -2.207086512281351887e+00 -1.205748412410081016e+00 -1.205748412410081016e+00 -1.205748412410081016e+00 -1.205748412410081016e+00 -1.205748412410081016e+00 -1.205748412410081016e+00 -1.205748412410081016e+00 -6.091138042809305375e-01
-3.464024858390949646e+00 -3.464024858390949646e+00 -3.464024858390949646e+00 -3.464024858390949646e+00 -3.464024858390949646e+00 -3.464024858390949646e+00 -3.464024858390949646e+00 -3.464024858390949646e+00 -1.852984640647834524e+00 -9.461705271924945038e-01 -9.461705271924945038e-01 -9.461705271924945038e-01 -9.461705271924945038e-01 -9.461705271924945038e-01 -9.461705271924945038e-01 -4.675282696059923637e-01 -4.675282696059923637e-01 -4.675282696059923637e-01 -4.675282696059923637e-01 -4.675282696059923637e-01 -4.675282696059923637e-01
-2.710610964564511782e+00 -2.710610964564511782e+00 -2.710610964564511782e+00 -2.710610964564511782e+00 -5.353465153868182114e-01 -5.353465153868182114e-01 -5.353465153868182114e-01 -5.353465153868182114e-01 -5.353465153868182114e-01 -5.353465153868182114e-01 -5.353465153868182114e-01 -5.353465153868182114e-01 -4.564394366863311348e-01 -4.564394366863311348e-01 -4.564394366863311348e-01 -4.564394366863311348e-01 -4.564394366863311348e-01 -4.564394366863311348e-01 -4.564394366863311348e-01 -4.564394366863311348e-01 -4.564394366863311348e-01
-4.007618400111158330e+00 -4.007618400111158330e+00 -2.065881157159967785e+00 -2.065881157159967785e+00 -2.065881157159967785e+00 -2.065881157159967785e+00 -2.065881157159967785e+00 -2.065881157159967785e+00 -2.065881157159967785e+00 -1.822139331696645215e+00 -1.822139331696645215e+00 -1.822139331696645215e+00 -5.555086529112251981e-01 -5.555086529112251981e-01 -5.555086529112251981e-01 -4.152366930734565642e-01 -4.152366930734565642e-01 -4.152366930734565642e-01 -4.152366930734565642e-01 -4.152366930734565642e-01 -4.152366930734565642e-01
-5.499315281120278343e-01 -5.499315281120278343e-01 -5.499315281120278343e-01 -5.499315281120278343e-01 -5.499315281120278343e-01 -5.499315281120278343e-01 -5.499315281120278343e-01 -5.499315281120278343e-01 -5.499315281120278343e-01 -5.499315281120278343e-01 -5.499315281120278343e-01 -5.499315281120278343e-01 -5.499315281120278343e-01 -5.499315281120278343e-01 -5.499315281120278343e-01 -5.499315281120278343e-01 -5.499315281120278343e-01 -5.499315281120278343e-01 -5.499315281120278343e-01 -5.499315281120278343e-01 -5.499315281120278343e-01
-8.268069714215632970e+00 -3.935877736944339844e+00 -3.935877736944339844e+00 -3.935877736944339844e+00 -3.935877736944339844e+00 -3.935877736944339844e+00 -3.935877736944339844e+00 -2.010926224761668379e+00 -2.010926224761668379e+00 -2.010926224761668379e+00 -2.010926224761668379e+00 -2.010926224761668379e+00 -1.204145910426220212e+00 -1.204145910426220212e+00 -1.204145910426220212e+00 -1.204145910426220212e+00 -1.204145910426220212e+00 -1.204145910426220212e+00 -5.403695375973214254e-01 -5.403695375973214254e-01 -4.033032169126986588e-01
-1.414992002401474380e+00 -1.414992002401474380e+00 -1.414992002401474380e+00 -1.414992002401474380e+00 -1.414992002401474380e+00 -1.414992002401474380e+00 -1.414992002401474380e+00 -1.414992002401474380e+00 -1.414992002401474380e+00 -1.414992002401474380e+00 -1.414992002401474380e+00 -4.124791934188856146e-01 -4.124791934188856146e-01 -4.124791934188856146e-01 -4.124791934188856146e-01 -3.979329181271751281e-01 -3.979329181271751281e-01 -3.979329181271751281e-01 -3.979329181271751281e-01 -3.979329181271751281e-01 -3.979329181271751281e-01
-6.367995820650792282e+00 -6.367995820650792282e+00 -6.367995820650792282e+00 -6.367995820650792282e+00 -6.367995820650792282e+00 -2.039563440666068317e+00 -2.039563440666068317e+00 -2.039563440666068317e+00 -2.039563440666068317e+00 -2.039563440666068317e+00 -2.039563440666068317e+00 -2.039563440666068317e+00 -2.039563440666068317e+00 -5.097900550779019824e-01 -5.097900550779019824e-01 -5.097900550779019824e-01 -5.097900550779019824e-01 -5.097900550779019824e-01 -5.080500060050816558e-01 -5.080500060050816558e-01 -4.921203513057328394e-01
-1.628814546458009715e+00 -1.628814546458009715e+00 -1.628814546458009715e+00 -1.628814546458009715e+00 -1.628814546458009715e+00 -1.628814546458009715e+00 -1.628814546458009715e+00 -1.628814546458009715e+00 -1.628814546458009715e+00 -1.628814546458009715e+00 -1.628814546458009715e+00 -1.628814546458009715e+00 -1.628814546458009715e+00 -1.628814546458009715e+00 -1.628814546458009715e+00 -1.628814546458009715e+00 -4.677402572199262920e-01 -4.037755244647591724e-01 -4.037755244647591724e-01 -4.037755244647591724e-01 -4.037755244647591724e-01
-2.575584631701552496e+00 -2.575584631701552496e+00 -2.575584631701552496e+00 -2.575584631701552496e+00 -2.575584631701552496e+00 -2.575584631701552496e+00 -7.349940557504428540e-01 -7.349940557504428540e-01 -7.349940557504428540e-01 -7.349940557504428540e-01 -7.349940557504428540e-01 -7.349940557504428540e-01 -7.349940557504428540e-01 -7.349940557504428540e-01 -7.349940557504428540e-01 -7.349940557504428540e-01 -7.349940557504428540e-01 -4.401817939991836681e-01 -4.401817939991836681e-01 -4.401817939991836681e-01 -4.401817939991836681e-01
-8.150075223157177362e+00 -8.150075223157177362e+00 -8.150075223157177362e+00 -5.632911403998551059e+00 -2.479907006817525073e+00 -2.479907006817525073e+00 -2.479907006817525073e+00 -2.479907006817525073e+00 -2.419180779956837668e+00 -2.419180779956837668e+00 -2.419180779956837668e+00 -2.419180779956837668e+00 -2.419180779956837668e+00 -2.419180779956837668e+00 -2.419180779956837668e+00 -2.419180779956837668e+00 -5.060915323705383884e-01 -5.060915323705383884e-01 -3.990628661889576989e-01 -3.990628661889576989e-01 -3.990628661889576989e-01
-2.015417024428771242e+00 -2.015417024428771242e+00 -2.015417024428771242e+00 -2.015417024428771242e+00 -2.015417024428771242e+00 -2.015417024428771242e+00 -2.015417024428771242e+00 -2.015417024428771242e+00 -2.015417024428771242e+00 -2.015417024428771242e+00 -2.015417024428771242e+00 -2.015417024428771242e+00 -2.015417024428771242e+00 -2.015417024428771242e+00 -2.015417024428771242e+00 -2.015417024428771242e+00 -2.015417024428771242e+00 -7.217786842499389621e-01 -4.032066917214365276e-01 -4.032066917214365276e-01 -4.032066917214365276e-01
