-1.097165762089033869e+01 -4.741211127704446859e+00 -4.741211127704446859e+00 -4.741211127704446859e+00 -4.741211127704446859e+00 -4.741211127704446859e+00 -4.741211127704446859e+00 -4.741211127704446859e+00 -2.988807218641568397e+00 -2.988807218641568397e+00 -2.988807218641568397e+00 -2.988807218641568397e+00 -2.988807218641568397e+00 -2.988807218641568397e+00 -1.472413564934864638e+00 -1.472413564934864638e+00 -4.246037079807756243e-01 -4.246037079807756243e-01 -4.178964925730852542e-01 -4.178964925730852542e-01 -4.178964925730852542e-01
-1.964329797433082803e+01 -1.964329797433082803e+01 -4.243648470263692296e+00 -4.243648470263692296e+00 -3.420881892737680730e+00 -3.420881892737680730e+00 -3.420881892737680730e+00 -3.420881892737680730e+00 -1.365645496674662951e+00 -1.365645496674662951e+00 -1.365645496674662951e+00 -1.191753634304237863e+00 -1.191753634304237863e+00 -4.292845585091811245e-01 -4.292845585091811245e-01 -4.292845585091811245e-01 -4.292845585091811245e-01 -3.997372739819660126e-01 -3.978874575387791879e-01 -3.978874575387791879e-01 -3.978874575387791879e-01
-6.592833036817346226e+00 -6.592833036817346226e+00 -6.592833036817346226e+00 -6.131987446790913232e+00 -6.131987446790913232e+00 -6.131987446790913232e+00 -6.131987446790913232e+00 -6.131987446790913232e+00 -5.924761354960264903e+00 -5.924761354960264903e+00 -1.939899373318207054e+00 -1.939899373318207054e+00 -1.166435997309580586e+00 -1.166435997309580586e+00 -1.166435997309580586e+00 -1.166435997309580586e+00 -1.166435997309580586e+00 -4.094346343863719540e-01 -4.094346343863719540e-01 -4.094346343863719540e-01 -4.094346343863719540e-01
-1.807886746449890936e+01 -1.715461236150172297e+01 -1.715461236150172297e+01 -1.259974255510392993e+01 -1.259974255510392993e+01 -1.259974255510392993e+01 -2.180966732327876301e+00 -2.180966732327876301e+00 -2.180966732327876301e+00 -2.180966732327876301e+00 -4.181152103944487664e-01 -3.998854377145377725e-01 -3.978998347154920623e-01 -3.978998347154920623e-01 -3.978998347154920623e-01 -3.978998347154920623e-01 -3.978998347154920623e-01 -3.978998347154920623e-01 -3.978998347154920623e-01 -3.978998347154920623e-01 -3.978998347154920623e-01
-5.762208901784603654e+00 -5.762208901784603654e+00 -5.762208901784603654e+00 -5.762208901784603654e+00 -5.762208901784603654e+00 -5.762208901784603654e+00 -5.762208901784603654e+00 -5.762208901784603654e+00 -5.762208901784603654e+00 -5.762208901784603654e+00 -5.762208901784603654e+00 -5.762208901784603654e+00 -7.679471669641166898e-01 -7.679471669641166898e-01 -7.679471669641166898e-01 -7.679471669641166898e-01 -7.679471669641166898e-01 -7.679471669641166898e-01 -7.679471669641166898e-01 -7.679471669641166898e-01 -7.679471669641166898e-01
-1.022566860804225009e+01 -1.022566860804225009e+01 -5.784882425265034378e+00 -5.784882425265034378e+00 -3.615146304366501084e+00 -9.849511823706542657e-01 -7.696672813234926025e-01 -7.696672813234926025e-01 -7.696672813234926025e-01 -7.696672813234926025e-01 -4.448448699604341527e-01 -4.448448699604341527e-01 -4.448448699604341527e-01 -3.995859494074718299e-01 -3.995859494074718299e-01 -3.995859494074718299e-01 -3.980541267759054591e-01 -3.980541267759054591e-01 -3.980541267759054591e-01 -3.980541267759054591e-01 -3.980541267759054591e-01
-1.531731051317482972e+01 -1.531731051317482972e+01 -9.673710708261484825e-01 -9.673710708261484825e-01 -9.673710708261484825e-01 -9.673710708261484825e-01 -9.673710708261484825e-01 -9.673710708261484825e-01 -9.673710708261484825e-01 -9.673710708261484825e-01 -9.673710708261484825e-01 -9.673710708261484825e-01 -9.673710708261484825e-01 -9.673710708261484825e-01 -4.824133701004615915e-01 -4.824133701004615915e-01 -4.824133701004615915e-01 -4.824133701004615915e-01 -4.824133701004615915e-01 -4.824133701004615915e-01 -4.068147811681193105e-01
-5.211335324193093754e+00 -4.420720836903540452e+00 -2.313235271335152277e+00 -2.313235271335152277e+00 -2.313235271335152277e+00 -2.313235271335152277e+00 -2.313235271335152277e+00 -2.313235271335152277e+00 -5.987081018403017652e-01 -5.987081018403017652e-01 -5.987081018403017652e-01 -5.987081018403017652e-01 -5.987081018403017652e-01 -5.987081018403017652e-01 -5.987081018403017652e-01 -4.577383613078538360e-01 -4.577383613078538360e-01 -4.577383613078538360e-01 -4.577383613078538360e-01 -4.577383613078538360e-01 -4.064501002119804696e-01
-1.541624546847087451e+01 -9.169510745873097335e+00 -9.169510745873097335e+00 -2.156902077593257694e+00 -2.156902077593257694e+00 -1.838185316914239920e+00 -1.838185316914239920e+00 -1.838185316914239920e+00 -1.053081980604700263e+00 -1.053081980604700263e+00 -1.053081980604700263e+00 -1.053081980604700263e+00 -4.736761935958586633e-01 -4.736761935958586633e-01 -4.736761935958586633e-01 -4.162857057748148293e-01 -4.162857057748148293e-01 -4.162857057748148293e-01 -4.162857057748148293e-01 -4.162857057748148293e-01 -3.979928055788111152e-01
-3.464024858390949646e+00 -3.464024858390949646e+00 -5.683997195345362741e-01 -5.083789701332150912e-01 -5.083789701332150912e-01 -5.083789701332150912e-01 -5.083789701332150912e-01 -5.083789701332150912e-01 -5.083789701332150912e-01 -5.083789701332150912e-01 -5.083789701332150912e-01 -5.083789701332150912e-01 -5.083789701332150912e-01 -4.956629387056867841e-01 -4.956629387056867841e-01 -3.982684752589147337e-01 -3.982684752589147337e-01 -3.978892515729253176e-01 -3.978892515729253176e-01 -3.978892515729253176e-01 -3.978892515729253176e-01
-2.710610964564511782e+00 -2.710610964564511782e+00 -1.227058340903710132e+00 -1.227058340903710132e+00 -1.227058340903710132e+00 -1.227058340903710132e+00 -4.530006563566146838e-01 -4.530006563566146838e-01 -4.530006563566146838e-01 -4.530006563566146838e-01 -4.530006563566146838e-01 -4.530006563566146838e-01 -4.530006563566146838e-01 -4.530006563566146838e-01 -4.018948648472857599e-01 -4.018948648472857599e-01 -4.018948648472857599e-01 -4.018948648472857599e-01 -4.018948648472857599e-01 -4.018948648472857599e-01 -4.018948648472857599e-01
-4.007618400111158330e+00 -4.007618400111158330e+00 -4.007618400111158330e+00 -4.007618400111158330e+00 -4.805361635955041066e-01 -4.805361635955041066e-01 -4.805361635955041066e-01 -4.064782845595313887e-01 -4.064782845595313887e-01 -4.064782845595313887e-01 -4.064782845595313887e-01 -4.064782845595313887e-01 -4.064782845595313887e-01 -4.064782845595313887e-01 -4.064782845595313887e-01 -4.064782845595313887e-01 -4.064782845595313887e-01 -4.064782845595313887e-01 -4.064782845595313887e-01 -4.064782845595313887e-01 -4.064782845595313887e-01
-5.499315281120278343e-01 -5.499315281120278343e-01 -5.499315281120278343e-01 -5.499315281120278343e-01 -5.499315281120278343e-01 -5.499315281120278343e-01 -4.684362931214298698e-01 -4.172262658204655139e-01 -4.172262658204655139e-01 -4.172262658204655139e-01 -4.172262658204655139e-01 -4.172262658204655139e-01 -4.172262658204655139e-01 -4.102415831380454847e-01 -4.102415831380454847e-01 -4.102415831380454847e-01 -4.102415831380454847e-01 -4.102415831380454847e-01 -4.102415831380454847e-01 -4.102415831380454847e-01 -4.102415831380454847e-01
-8.268069714215632970e+00 -8.268069714215632970e+00 -2.687369497963285170e+00 -8.011598579154632915e-01 -8.011598579154632915e-01 -8.011598579154632915e-01 -8.011598579154632915e-01 -8.011598579154632915e-01 -8.011598579154632915e-01 -8.011598579154632915e-01 -5.237615982597567665e-01 -5.237615982597567665e-01 -5.237615982597567665e-01 -5.237615982597567665e-01 -5.237615982597567665e-01 -5.237615982597567665e-01 -5.237615982597567665e-01 -5.237615982597567665e-01 -5.237615982597567665e-01 -5.237615982597567665e-01 -4.032292889721151852e-01
-1.414992002401474380e+00 -1.414992002401474380e+00 -1.414992002401474380e+00 -1.414992002401474380e+00 -1.414992002401474380e+00 -1.414992002401474380e+00 -1.414992002401474380e+00 -1.414992002401474380e+00 -1.414992002401474380e+00 -4.112615201310045876e-01 -4.112615201310045876e-01 -4.112615201310045876e-01 -4.112615201310045876e-01 -4.112615201310045876e-01 -4.112615201310045876e-01 -4.112615201310045876e-01 -4.112615201310045876e-01 -4.112615201310045876e-01 -4.112615201310045876e-01 -4.112615201310045876e-01 -4.088923146975069756e-01
-6.367995820650792282e+00 -6.367995820650792282e+00 -6.367995820650792282e+00 -9.269431964964880422e-01 -9.269431964964880422e-01 -8.631901018492804667e-01 -8.631901018492804667e-01 -8.631901018492804667e-01 -8.631901018492804667e-01 -8.631901018492804667e-01 -5.559358578788735628e-01 -5.559358578788735628e-01 -5.026828970620105252e-01 -5.026828970620105252e-01 -5.026828970620105252e-01 -5.026828970620105252e-01 -5.026828970620105252e-01 -5.026828970620105252e-01 -5.026828970620105252e-01 -5.026828970620105252e-01 -3.997475218602382085e-01
-1.628814546458009715e+00 -5.610589995476544800e-01 -5.610589995476544800e-01 -4.016169790402379647e-01 -4.016169790402379647e-01 -4.016169790402379647e-01 -4.016169790402379647e-01 -4.016169790402379647e-01 -4.016169790402379647e-01 -4.016169790402379647e-01 -4.016169790402379647e-01 -4.016169790402379647e-01 -4.016169790402379647e-01 -4.016169790402379647e-01 -4.016169790402379647e-01 -4.016169790402379647e-01 -4.016169790402379647e-01 -4.016169790402379647e-01 -4.016169790402379647e-01 -4.016169790402379647e-01 -4.016169790402379647e-01
-2.575584631701552496e+00 -2.575584631701552496e+00 -2.575584631701552496e+00 -2.575584631701552496e+00 -2.575584631701552496e+00 -2.575584631701552496e+00 -2.575584631701552496e+00 -2.313335428086531920e+00 -2.313335428086531920e+00 -2.313335428086531920e+00 -2.313335428086531920e+00 -2.313335428086531920e+00 -2.313335428086531920e+00 -2.313335428086531920e+00 -4.482625134214668350e-01 -4.482625134214668350e-01 -4.482625134214668350e-01 -4.482625134214668350e-01 -4.009272334266764659e-01 -4.009272334266764659e-01 -4.009272334266764659e-01
-8.150075223157177362e+00 -3.184557142584424128e+00 -3.008234793839777765e+00 -3.008234793839777765e+00 -3.008234793839777765e+00 -4.971606587636507868e-01 -4.660091466106290881e-01 -4.660091466106290881e-01 -4.660091466106290881e-01 -4.477188948027706061e-01 -4.477188948027706061e-01 -4.477188948027706061e-01 -4.477188948027706061e-01 -4.477188948027706061e-01 -4.477188948027706061e-01 -4.477188948027706061e-01 -4.477188948027706061e-01 -4.477188948027706061e-01 -4.477188948027706061e-01 -4.477188948027706061e-01 -3.986098395234112246e-01
-2.015417024428771242e+00 -2.015417024428771242e+00 -2.015417024428771242e+00 -2.015417024428771242e+00 -2.015417024428771242e+00 -2.015417024428771242e+00 -2.015417024428771242e+00 -2.015417024428771242e+00 -6.488169882326868532e-01 -6.488169882326868532e-01 -6.488169882326868532e-01 -6.488169882326868532e-01 -6.488169882326868532e-01 -6.488169882326868532e-01 -5.708700167394766822e-01 -5.708700167394766822e-01 -5.708700167394766822e-01 -5.708700167394766822e-01 -5.708700167394766822e-01 -5.708700167394766822e-01 -3.989082165070385599e-01
