-1.097165762089033869e+01 -1.097165762089033869e+01 -1.097165762089033869e+01 -5.649702792074137392e+00 -5.649702792074137392e+00 -5.649702792074137392e+00 -5.649702792074137392e+00 -5.649702792074137392e+00 -5.649702792074137392e+00 -1.091867816439101802e+00 -5.096776462412329067e-01 -5.096776462412329067e-01 -5.096776462412329067e-01 -5.096776462412329067e-01 -5.096776462412329067e-01 -5.096776462412329067e-01 -5.096776462412329067e-01 -5.096776462412329067e-01 -4.366033765384340626e-01 -4.366033765384340626e-01 -4.366033765384340626e-01
-1.964329797433082803e+01 -1.964329797433082803e+01 -1.096088903565150474e+01 -1.021414338753792705e+01 -1.021414338753792705e+01 -1.021414338753792705e+01 -1.021414338753792705e+01 -1.021414338753792705e+01 -3.628789629316533372e+00 -3.628789629316533372e+00 -2.254791100144911908e+00 -2.088563447637039161e+00 -2.088563447637039161e+00 -2.088563447637039161e+00 -6.796341331399879948e-01 -6.796341331399879948e-01 -6.796341331399879948e-01 -5.131067606999408781e-01 -5.131067606999408781e-01 -5.131067606999408781e-01 -5.131067606999408781e-01
-6.592833036817346226e+00 -6.592833036817346226e+00 -6.592833036817346226e+00 -6.592833036817346226e+00 -6.592833036817346226e+00 -6.592833036817346226e+00 -6.592833036817346226e+00 -6.592833036817346226e+00 -6.592833036817346226e+00 -6.592833036817346226e+00 -6.592833036817346226e+00 -6.592833036817346226e+00 -6.592833036817346226e+00 -3.547828770476357363e+00 -3.547828770476357363e+00 -3.547828770476357363e+00 -4.095774914322891647e-01 -4.095774914322891647e-01 -4.095774914322891647e-01 -4.095774914322891647e-01 -4.007246638658017446e-01
-1.807886746449890936e+01 -1.096088903565150474e+01 -6.126570265503050727e+00 -5.051650116330117513e+00 -5.051650116330117513e+00 -5.051650116330117513e+00 -1.956910135187143851e+00 -1.556279098616965229e+00 -1.556279098616965229e+00 -4.807987085953886464e-01 -4.807987085953886464e-01 -4.807987085953886464e-01 -4.807987085953886464e-01 -4.807987085953886464e-01 -3.993577279459579188e-01 -3.978900754367273862e-01 -3.978900754367273862e-01 -3.978900754367273862e-01 -3.978900754367273862e-01 -3.978900754367273862e-01 -3.978900754367273862e-01
-5.762208901784603654e+00 -5.762208901784603654e+00 -5.762208901784603654e+00 -5.762208901784603654e+00 -5.762208901784603654e+00 -1.944361703725510537e+00 -1.944361703725510537e+00 -1.944361703725510537e+00 -1.944361703725510537e+00 -1.944361703725510537e+00 -1.944361703725510537e+00 -1.944361703725510537e+00 -1.944361703725510537e+00 -1.802157111575361625e+00 -1.802157111575361625e+00 -4.835378744203175927e-01 -4.835378744203175927e-01 -4.835378744203175927e-01 -4.835378744203175927e-01 -4.285271631863398767e-01 -4.285271631863398767e-01
-1.022566860804225009e+01 -1.022566860804225009e+01 -1.022566860804225009e+01 -2.319509505420654705e+00 -2.319509505420654705e+00 -2.319509505420654705e+00 -2.319509505420654705e+00 -2.319509505420654705e+00 -6.163547904439301561e-01 -6.163547904439301561e-01 -6.163547904439301561e-01 -6.163547904439301561e-01 -6.163547904439301561e-01 -6.163547904439301561e-01 -6.163547904439301561e-01 -4.240941291431568061e-01 -4.240941291431568061e-01 -4.240941291431568061e-01 -4.240941291431568061e-01 -4.240941291431568061e-01 -4.240941291431568061e-01
-1.531731051317482972e+01 -1.531731051317482972e+01 -1.255069001695472863e+00 -1.255069001695472863e+00 -1.255069001695472863e+00 -1.255069001695472863e+00 -1.255069001695472863e+00 -1.255069001695472863e+00 -1.255069001695472863e+00 -1.255069001695472863e+00 -1.255069001695472863e+00 -8.016476106955607861e-01 -8.016476106955607861e-01 -8.016476106955607861e-01 -8.016476106955607861e-01 -8.016476106955607861e-01 -8.016476106955607861e-01 -8.016476106955607861e-01 -8.016476106955607861e-01 -4.007991081657173993e-01 -4.007991081657173993e-01
-5.211335324193093754e+00 -5.211335324193093754e+00 -5.211335324193093754e+00 -5.211335324193093754e+00 -5.211335324193093754e+00 -5.211335324193093754e+00 -5.211335324193093754e+00 -3.297439351806730201e+00 -3.297439351806730201e+00 -3.297439351806730201e+00 -2.743551104129211993e+00 -2.743551104129211993e+00 -1.560094881418464752e+00 -1.560094881418464752e+00 -1.560094881418464752e+00 -4.174149763509955591e-01 -4.174149763509955591e-01 -4.174149763509955591e-01 -4.174149763509955591e-01 -4.174149763509955591e-01 -4.174149763509955591e-01
-1.541624546847087451e+01 -1.541624546847087451e+01 -1.096088903565150474e+01 -3.236463201882781249e+00 -3.236463201882781249e+00 -3.236463201882781249e+00 -3.236463201882781249e+00 -3.236463201882781249e+00 -3.236463201882781249e+00 -3.236463201882781249e+00 -2.207086512281351887e+00 -2.207086512281351887e+00 -2.207086512281351887e+00 -1.205897420106364137e+00 -8.391228125580632025e-01 -8.391228125580632025e-01 -8.391228125580632025e-01 -8.391228125580632025e-01 -4.204599742708232668e-01 -4.067868272788217610e-01 -4.067868272788217610e-01
-3.464024858390949646e+00 -3.101038480498867322e+00 -3.101038480498867322e+00 -3.101038480498867322e+00 -3.101038480498867322e+00 -3.101038480498867322e+00 -3.101038480498867322e+00 -3.101038480498867322e+00 -3.101038480498867322e+00 -3.101038480498867322e+00 -3.101038480498867322e+00 -1.218226882429421565e+00 -1.035506640227694675e+00 -3.987981529483697329e-01 -3.987981529483697329e-01 -3.987981529483697329e-01 -3.987981529483697329e-01 -3.987981529483697329e-01 -3.987981529483697329e-01 -3.987981529483697329e-01 -3.987981529483697329e-01
-2.710610964564511782e+00 -2.710610964564511782e+00 -2.710610964564511782e+00 -2.710610964564511782e+00 -5.359122689907707127e-01 -5.359122689907707127e-01 -5.359122689907707127e-01 -5.359122689907707127e-01 -4.942379121845608125e-01 -4.019340813954990210e-01 -4.019340813954990210e-01 -4.019340813954990210e-01 -4.019340813954990210e-01 -4.001694698367419534e-01 -4.001694698367419534e-01 -4.001694698367419534e-01 -4.001694698367419534e-01 -4.001694698367419534e-01 -4.001694698367419534e-01 -4.001694698367419534e-01 -4.001694698367419534e-01
-4.007618400111158330e+00 -4.007618400111158330e+00 -2.065881157159967785e+00 -2.065881157159967785e+00 -2.065881157159967785e+00 -2.065881157159967785e+00 -2.065881157159967785e+00 -2.065881157159967785e+00 -2.065881157159967785e+00 -1.556035802682732339e+00 -1.556035802682732339e+00 -4.181645464339158735e-01 -4.181645464339158735e-01 -4.181645464339158735e-01 -4.181645464339158735e-01 -4.001242763109686962e-01 -3.981129124231266303e-01 -3.981129124231266303e-01 -3.981129124231266303e-01 -3.981129124231266303e-01 -3.981129124231266303e-01
-5.499315281120278343e-01 -5.499315281120278343e-01 -5.499315281120278343e-01 -5.499315281120278343e-01 -5.499315281120278343e-01 -5.499315281120278343e-01 -5.499315281120278343e-01 -5.499315281120278343e-01 -5.499315281120278343e-01 -5.499315281120278343e-01 -5.499315281120278343e-01 -4.617486549025411335e-01 -4.617486549025411335e-01 -4.617486549025411335e-01 -4.617486549025411335e-01 -4.617486549025411335e-01 -4.617486549025411335e-01 -4.067255109631435772e-01 -4.034898793769094993e-01 -4.034898793769094993e-01 -3.979959432245721018e-01
-8.268069714215632970e+00 -3.935877736944339844e+00 -3.935877736944339844e+00 -3.935877736944339844e+00 -3.935877736944339844e+00 -3.935877736944339844e+00 -3.935877736944339844e+00 -2.010926224761668379e+00 -2.010926224761668379e+00 -2.010926224761668379e+00 -2.010926224761668379e+00 -2.010926224761668379e+00 -1.211706065699770463e+00 -1.211706065699770463e+00 -6.512883682691796849e-01 -6.512883682691796849e-01 -6.512883682691796849e-01 -6.512883682691796849e-01 -4.265223516104654777e-01 -4.265223516104654777e-01 -4.265223516104654777e-01
-1.414992002401474380e+00 -1.414992002401474380e+00 -1.414992002401474380e+00 -1.414992002401474380e+00 -1.106904823846164732e+00 -1.106904823846164732e+00 -5.323106037279732305e-01 -5.323106037279732305e-01 -5.323106037279732305e-01 -5.323106037279732305e-01 -5.323106037279732305e-01 -5.323106037279732305e-01 -5.323106037279732305e-01 -5.323106037279732305e-01 -4.079545270938602641e-01 -3.987357068961081552e-01 -3.987357068961081552e-01 -3.987357068961081552e-01 -3.987357068961081552e-01 -3.987357068961081552e-01 -3.987357068961081552e-01
-6.367995820650792282e+00 -6.367995820650792282e+00 -6.367995820650792282e+00 -6.367995820650792282e+00 -6.367995820650792282e+00 -6.367995820650792282e+00 -6.367995820650792282e+00 -4.060039385925891864e+00 -4.060039385925891864e+00 -4.060039385925891864e+00 -1.996845663915431501e+00 -1.996845663915431501e+00 -1.996845663915431501e+00 -1.996845663915431501e+00 -1.996845663915431501e+00 -1.996845663915431501e+00 -1.996845663915431501e+00 -1.996845663915431501e+00 -1.284062387219247370e+00 -1.284062387219247370e+00 -1.284062387219247370e+00
-1.628814546458009715e+00 -1.628814546458009715e+00 -1.628814546458009715e+00 -1.628814546458009715e+00 -1.628814546458009715e+00 -1.628814546458009715e+00 -1.628814546458009715e+00 -1.628814546458009715e+00 -1.628814546458009715e+00 -1.628814546458009715e+00 -1.628814546458009715e+00 -1.628814546458009715e+00 -1.628814546458009715e+00 -1.628814546458009715e+00 -1.628814546458009715e+00 -8.929015063145211428e-01 -8.929015063145211428e-01 -4.302024711670693335e-01 -4.302024711670693335e-01 -4.302024711670693335e-01 -4.122760687767250687e-01
-2.575584631701552496e+00 -2.575584631701552496e+00 -2.575584631701552496e+00 -2.575584631701552496e+00 -2.575584631701552496e+00 -2.575584631701552496e+00 -1.738831350865863712e+00 -1.738831350865863712e+00 -1.738831350865863712e+00 -1.738831350865863712e+00 -1.079697614323523069e+00 -1.079697614323523069e+00 -9.110136006509055306e-01 -4.027768540832816768e-01 -4.027768540832816768e-01 -4.027768540832816768e-01 -4.027768540832816768e-01 -4.027768540832816768e-01 -4.027768540832816768e-01 -4.027768540832816768e-01 -4.027768540832816768e-01
-8.150075223157177362e+00 -8.150075223157177362e+00 -8.150075223157177362e+00 -5.638635237451103954e+00 -2.480493281533359351e+00 -2.480493281533359351e+00 -2.480493281533359351e+00 -2.480493281533359351e+00 -2.418904837314754808e+00 -2.418904837314754808e+00 -2.418904837314754808e+00 -2.418904837314754808e+00 -2.418904837314754808e+00 -2.418904837314754808e+00 -2.418904837314754808e+00 -2.418904837314754808e+00 -4.976747853949881062e-01 -3.985842860029560342e-01 -3.985842860029560342e-01 -3.985563100642171008e-01 -3.985563100642171008e-01
-2.015417024428771242e+00 -2.015417024428771242e+00 -2.015417024428771242e+00 -2.015417024428771242e+00 -2.015417024428771242e+00 -2.015417024428771242e+00 -2.015417024428771242e+00 -2.015417024428771242e+00 -2.015417024428771242e+00 -2.015417024428771242e+00 -2.015417024428771242e+00 -2.015417024428771242e+00 -2.015417024428771242e+00 -2.015417024428771242e+00 -5.179786207197505377e-01 -4.129803772183393562e-01 -4.129803772183393562e-01 -4.129803772183393562e-01 -4.129803772183393562e-01 -4.129803772183393562e-01 -4.129803772183393562e-01
