5.243910577039876841e+00 5.243910577039876841e+00 1.071544223563644316e+01 1.071544223563644316e+01 1.071544223563644316e+01 1.071544223563644316e+01 1.071544223563644316e+01 1.071544223563644316e+01 1.071544223563644316e+01 1.071544223563644316e+01 1.071544223563644316e+01
6.741745262276252149e+00 6.741745262276252149e+00 9.464914578331301342e+00 1.072661438101376241e+01 1.072661438101376241e+01 1.072661438101376241e+01 1.072661438101376241e+01 1.072661438101376241e+01 1.072661438101376241e+01 1.072661438101376241e+01 1.072661438101376241e+01
8.632883967378910839e+00 8.632883967378910839e+00 1.071471920679961798e+01 1.072834589793254167e+01 1.072834589793254167e+01 1.072834589793254167e+01 1.072834589793254167e+01 1.072834589793254167e+01 1.072834589793254167e+01 1.072834589793254167e+01 1.072834589793254167e+01
4.962567536289599346e+00 9.132437422203100397e+00 1.062538547126508881e+01 1.072832611204086461e+01 1.072832611204086461e+01 1.072834242242118563e+01 1.072834242242118563e+01 1.072834242242118563e+01 1.072834242242118563e+01 1.072834242242118563e+01 1.072834242242118563e+01
5.465368167044763581e+00 9.032136933086702513e+00 1.058064677693241329e+01 1.072822424166429478e+01 1.072822424166429478e+01 1.072830657014119815e+01 1.072830657014119815e+01 1.072830657014119815e+01 1.072834927227339108e+01 1.072834927227339108e+01 1.072834927227339108e+01
5.317280746517627499e-01 1.219999999999999973e+00 3.373642798055285219e+00 9.247586815339728261e+00 9.247586815339728261e+00 1.072064276454948839e+01 1.072064276454948839e+01 1.072835043970784952e+01 1.072835043970784952e+01 1.072835043970784952e+01 1.072835043970784952e+01
-2.784170497479079298e-01 -2.784170497479079298e-01 9.356284893377727840e+00 1.035555259695454033e+01 1.072681286749875085e+01 1.072834927227339108e+01 1.072834927227339108e+01 1.072834927227339108e+01 1.072834927227339108e+01 1.072834927227339108e+01 1.072834927227339108e+01
8.842486510899835395e+00 8.842486510899835395e+00 9.703206697546828963e+00 1.072758621272757651e+01 1.072758621272757651e+01 1.072758621272757651e+01 1.072758621272757651e+01 1.072835043970784952e+01 1.072835043970784952e+01 1.072835043970784952e+01 1.072835043970784952e+01
-4.683310645371942194e+00 -5.530905851312464261e-01 6.219119587118389081e-01 6.219119587118389081e-01 6.756484864481990815e-01 5.776244349814578349e+00 1.066996667540380983e+01 1.072740186307058430e+01 1.072834839269410701e+01 1.072834839269410701e+01 1.072834839269410701e+01
1.040203246443598317e+01 1.040203246443598317e+01 1.040203246443598317e+01 1.040203246443598317e+01 1.072742332992545933e+01 1.072834839269410701e+01 1.072834839269410701e+01 1.072834839269410701e+01 1.072834839269410701e+01 1.072834839269410701e+01 1.072834839269410701e+01
9.926015326436659070e-01 9.926015326436659070e-01 1.055541991061376361e+00 1.055541991061376361e+00 1.055541991061376361e+00 6.728504162587785942e+00 1.071820852661605805e+01 1.071820852661605805e+01 1.071820852661605805e+01 1.072834999183035443e+01 1.072834999183035443e+01
1.041001328417783789e+01 1.041001328417783789e+01 1.041001328417783789e+01 1.041001328417783789e+01 1.072824673326226552e+01 1.072824673326226552e+01 1.072824673326226552e+01 1.072824673326226552e+01 1.072824673326226552e+01 1.072824673326226552e+01 1.072824673326226552e+01
1.218033348436061258e+00 1.218033348436061258e+00 9.826231882721616628e+00 9.826231882721616628e+00 1.071829774229123977e+01 1.072834589793254167e+01 1.072834589793254167e+01 1.072834589793254167e+01 1.072834589793254167e+01 1.072834589793254167e+01 1.072834589793254167e+01
1.151081663585299397e+00 1.151081663585299397e+00 1.151081663585299397e+00 1.955405049647606308e+00 3.940250099293079344e+00 1.021498598165440974e+01 1.072608311175346429e+01 1.072608311175346429e+01 1.072608311175346429e+01 1.072834999183035443e+01 1.072834999183035443e+01
9.274003946130022769e+00 9.274003946130022769e+00 1.072353762912907804e+01 1.072834726791111670e+01 1.072834726791111670e+01 1.072834726791111670e+01 1.072834726791111670e+01 1.072834726791111670e+01 1.072834726791111670e+01 1.072834726791111670e+01 1.072834927227339108e+01
1.094797564317083527e+00 9.605113789072133201e+00 9.605113789072133201e+00 9.605113789072133201e+00 9.605113789072133201e+00 1.072634146187674098e+01 1.072634146187674098e+01 1.072835029578836519e+01 1.072835029578836519e+01 1.072835029578836519e+01 1.072835029578836519e+01
8.417248301351287765e+00 1.053286629935742802e+01 1.072817264442538665e+01 1.072817264442538665e+01 1.072817264442538665e+01 1.072817264442538665e+01 1.072817264442538665e+01 1.072817264442538665e+01 1.072817264442538665e+01 1.072817264442538665e+01 1.072817264442538665e+01
7.605523235997625697e+00 7.605523235997625697e+00 1.028032422405087054e+01 1.072806705612042144e+01 1.072834856294373118e+01 1.072834856294373118e+01 1.072834856294373118e+01 1.072834940001721726e+01 1.072834940001721726e+01 1.072834940001721726e+01 1.072834940001721726e+01
9.898157309089100409e+00 9.898157309089100409e+00 1.072833583546382918e+01 1.072834726791111670e+01 1.072834726791111670e+01 1.072834990664084565e+01 1.072834990664084565e+01 1.072834990664084565e+01 1.072834990664084565e+01 1.072834990664084565e+01 1.072834990664084565e+01
7.741881828096224272e-01 7.741881828096224272e-01 1.085913391013592300e+00 1.085913391013592300e+00 1.072383618331456745e+01 1.072383618331456745e+01 1.072834999183035443e+01 1.072834999183035443e+01 1.072834999183035443e+01 1.072834999183035443e+01 1.072834999183035443e+01
