5.243910577039876841e+00 5.243910577039876841e+00 1.071364021951213985e+01 1.071364021951213985e+01 1.071364021951213985e+01 1.071364021951213985e+01 1.071364021951213985e+01 1.071364021951213985e+01 1.071364021951213985e+01 1.071364021951213985e+01 1.072835033839120733e+01
6.741745262276252149e+00 6.741745262276252149e+00 7.962533394958810185e+00 1.071552320007021386e+01 1.071552320007021386e+01 1.071552320007021386e+01 1.071552320007021386e+01 1.071552320007021386e+01 1.071552320007021386e+01 1.071552320007021386e+01 1.071552320007021386e+01
8.632883967378910839e+00 8.632883967378910839e+00 8.632883967378910839e+00 1.072555623517725998e+01 1.072555623517725998e+01 1.072555623517725998e+01 1.072555623517725998e+01 1.072555623517725998e+01 1.072555623517725998e+01 1.072555623517725998e+01 1.072835029578836519e+01
4.962567536289599346e+00 9.079995981058097243e+00 1.059747786541587011e+01 1.072833252940996296e+01 1.072833252940996296e+01 1.072833252940996296e+01 1.072833252940996296e+01 1.072834031690470091e+01 1.072834927227339108e+01 1.072834927227339108e+01 1.072834927227339108e+01
5.465368167044763581e+00 8.960999787604809086e+00 1.055023116378998971e+01 1.072776563611904344e+01 1.072776563611904344e+01 1.072776563611904344e+01 1.072776563611904344e+01 1.072776563611904344e+01 1.072776563611904344e+01 1.072776563611904344e+01 1.072835029578836519e+01
5.317280746517627499e-01 1.047527107197535390e+00 2.707059446332074515e+00 9.190823576614485901e+00 9.190823576614485901e+00 9.190823576614485901e+00 1.072562965699944648e+01 1.072562965699944648e+01 1.072562965699944648e+01 1.072562965699944648e+01 1.072562965699944648e+01
-2.784170497479079298e-01 1.016486918167384568e+00 1.016486918167384568e+00 1.016486918167384568e+00 1.041472778172678249e+00 1.041472778172678249e+00 1.069568132370365987e+01 1.069568132370365987e+01 1.072834940001721726e+01 1.072834940001721726e+01 1.072834940001721726e+01
8.842486510899835395e+00 1.065403078004475113e+01 1.065403078004475113e+01 1.072829154695790699e+01 1.072829154695790699e+01 1.072829154695790699e+01 1.072829154695790699e+01 1.072829154695790699e+01 1.072829154695790699e+01 1.072829154695790699e+01 1.072829154695790699e+01
-4.683310645371942194e+00 -1.709252968589984656e+00 9.282603284181043524e-01 9.282603284181043524e-01 9.282603284181043524e-01 9.282603284181043524e-01 9.282603284181043524e-01 9.282603284181043524e-01 9.405132309844488336e-01 1.219993227322357043e+00 1.219993227322357043e+00
1.040203246443598317e+01 1.072833583546382918e+01 1.072833583546382918e+01 1.072833583546382918e+01 1.072833583546382918e+01 1.072833583546382918e+01 1.072833583546382918e+01 1.072833583546382918e+01 1.072833583546382918e+01 1.072833583546382918e+01 1.072833583546382918e+01
9.926015326436659070e-01 9.926015326436659070e-01 9.926015326436659070e-01 9.926015326436659070e-01 9.926015326436659070e-01 2.742135297208848854e+00 1.068554432432368806e+01 1.072826701987843911e+01 1.072826701987843911e+01 1.072826701987843911e+01 1.072826701987843911e+01
1.041001328417783789e+01 1.041001328417783789e+01 1.041001328417783789e+01 1.041001328417783789e+01 1.041001328417783789e+01 1.072767796371207361e+01 1.072767796371207361e+01 1.072767796371207361e+01 1.072767796371207361e+01 1.072767796371207361e+01 1.072767796371207361e+01
1.218033348436061258e+00 1.218033348436061258e+00 1.298232816595780159e+00 1.298232816595780159e+00 1.298232816595780159e+00 1.056735459400913690e+01 1.056735459400913690e+01 1.072828604841676103e+01 1.072828604841676103e+01 1.072828604841676103e+01 1.072828604841676103e+01
1.151081663585299397e+00 1.151081663585299397e+00 9.638737669023319299e+00 1.069517073681448061e+01 1.069517073681448061e+01 1.072826808024267287e+01 1.072826808024267287e+01 1.072826808024267287e+01 1.072826808024267287e+01 1.072826808024267287e+01 1.072826808024267287e+01
9.274003946130022769e+00 9.754643437554948449e+00 1.072800693678012784e+01 1.072800693678012784e+01 1.072800693678012784e+01 1.072800693678012784e+01 1.072800693678012784e+01 1.072800693678012784e+01 1.072800693678012784e+01 1.072835043970784952e+01 1.072835043970784952e+01
1.094797564317083527e+00 9.605113789072133201e+00 9.605113789072133201e+00 9.605113789072133201e+00 1.072694726078480976e+01 1.072694726078480976e+01 1.072694726078480976e+01 1.072694726078480976e+01 1.072694726078480976e+01 1.072694726078480976e+01 1.072835043970784952e+01
8.417248301351287765e+00 1.004205227896673414e+01 1.071763852725537625e+01 1.071763852725537625e+01 1.071763852725537625e+01 1.071763852725537625e+01 1.071763852725537625e+01 1.071763852725537625e+01 1.071763852725537625e+01 1.071763852725537625e+01 1.072835043970784952e+01
7.605523235997625697e+00 7.605523235997625697e+00 8.850420783723656371e+00 1.072533011599886166e+01 1.072533011599886166e+01 1.072533011599886166e+01 1.072835043970784952e+01 1.072835043970784952e+01 1.072835043970784952e+01 1.072835043970784952e+01 1.072835043970784952e+01
9.898157309089100409e+00 9.898157309089100409e+00 9.898157309089100409e+00 1.056135903851217783e+01 1.072834927227339108e+01 1.072834927227339108e+01 1.072834927227339108e+01 1.072834927227339108e+01 1.072834927227339108e+01 1.072834927227339108e+01 1.072834927227339108e+01
7.741881828096224272e-01 1.214370748941794753e+00 1.214370748941794753e+00 1.214370748941794753e+00 1.214370748941794753e+00 2.057271811260735106e+00 9.585031020340000651e+00 1.067064727070511587e+01 1.072835033839120733e+01 1.072835033839120733e+01 1.072835033839120733e+01
