5.243910577039876841e+00 6.215803536856864042e+00 1.070126764782163242e+01 1.070126764782163242e+01 1.070126764782163242e+01 1.070126764782163242e+01 1.070126764782163242e+01 1.070451585954801921e+01 1.070451585954801921e+01 1.070451585954801921e+01 1.072835043970784952e+01
6.741745262276252149e+00 6.741745262276252149e+00 8.708085757485926948e+00 1.071836803195733800e+01 1.071836803195733800e+01 1.071836803195733800e+01 1.071836803195733800e+01 1.071836803195733800e+01 1.071836803195733800e+01 1.071836803195733800e+01 1.071836803195733800e+01
8.632883967378910839e+00 8.632883967378910839e+00 1.066130440459997075e+01 1.066130440459997075e+01 1.066130440459997075e+01 1.066130440459997075e+01 1.072796495673386730e+01 1.072796495673386730e+01 1.072796495673386730e+01 1.072796495673386730e+01 1.072796495673386730e+01
4.962567536289599346e+00 7.699718408881124354e+00 9.726250966806947673e+00 1.071676454873096240e+01 1.071676454873096240e+01 1.071676454873096240e+01 1.071676454873096240e+01 1.072804300013167378e+01 1.072835043970784952e+01 1.072835043970784952e+01 1.072835043970784952e+01
5.465368167044763581e+00 8.205818146266702584e+00 1.036240062547750540e+01 1.036240062547750540e+01 1.036240062547750540e+01 1.036240062547750540e+01 1.072787810162528821e+01 1.072787810162528821e+01 1.072787810162528821e+01 1.072787810162528821e+01 1.072787810162528821e+01
5.317280746517627499e-01 6.548614734985961361e-01 3.904594566779375775e+00 1.057600468530738347e+01 1.057600468530738347e+01 1.057600468530738347e+01 1.072681188278979825e+01 1.072681188278979825e+01 1.072681188278979825e+01 1.072681188278979825e+01 1.072681188278979825e+01
-2.784170497479079298e-01 -2.784170497479079298e-01 6.791012146201133026e-01 1.118590332765542872e+00 1.118590332765542872e+00 6.292618880095612433e+00 9.684709183031834812e+00 1.071114362217143068e+01 1.072712351246225460e+01 1.072712351246225460e+01 1.072712351246225460e+01
8.842486510899835395e+00 8.842486510899835395e+00 1.070483728417426228e+01 1.070483728417426228e+01 1.070483728417426228e+01 1.070483728417426228e+01 1.070483728417426228e+01 1.070483728417426228e+01 1.070483728417426228e+01 1.070483728417426228e+01 1.070483728417426228e+01
-4.683310645371942194e+00 1.125609276882778120e+00 1.125609276882778120e+00 1.125609276882778120e+00 1.125609276882778120e+00 1.125609276882778120e+00 9.156186777838296820e+00 9.156186777838296820e+00 1.061796741806775124e+01 1.072813493741605484e+01 1.072813493741605484e+01
1.040203246443598317e+01 1.040203246443598317e+01 1.072737825874813744e+01 1.072737825874813744e+01 1.072737825874813744e+01 1.072737825874813744e+01 1.072737825874813744e+01 1.072737825874813744e+01 1.072737825874813744e+01 1.072737825874813744e+01 1.072737825874813744e+01
9.926015326436659070e-01 9.926015326436659070e-01 9.926015326436659070e-01 9.926015326436659070e-01 4.005977124792172717e+00 8.535091114320920269e+00 1.014458394502482719e+01 1.068409509429716131e+01 1.068409509429716131e+01 1.068409509429716131e+01 1.072834927227339108e+01
1.041001328417783789e+01 1.041001328417783789e+01 1.041001328417783789e+01 1.041001328417783789e+01 1.071446797112795046e+01 1.071446797112795046e+01 1.072803060490151061e+01 1.072803060490151061e+01 1.072803060490151061e+01 1.072803060490151061e+01 1.072803060490151061e+01
1.218033348436061258e+00 1.218033348436061258e+00 1.298232816595780159e+00 1.298232816595780159e+00 1.298232816595780159e+00 1.298232816595780159e+00 1.298232816595780159e+00 8.603556535256856819e+00 8.603556535256856819e+00 1.063598348322790166e+01 1.072496922002351560e+01
1.151081663585299397e+00 1.151081663585299397e+00 9.638737669023319299e+00 1.071260794331732846e+01 1.071260794331732846e+01 1.071260794331732846e+01 1.071260794331732846e+01 1.071260794331732846e+01 1.072363450140779229e+01 1.072363450140779229e+01 1.072363450140779229e+01
9.274003946130022769e+00 9.274003946130022769e+00 1.072627848855381139e+01 1.072627848855381139e+01 1.072627848855381139e+01 1.072627848855381139e+01 1.072627848855381139e+01 1.072627848855381139e+01 1.072627848855381139e+01 1.072740186307058430e+01 1.072740186307058430e+01
1.094797564317083527e+00 1.094797564317083527e+00 1.186947893009247412e+00 1.186947893009247412e+00 1.186947893009247412e+00 9.613221906027401786e+00 1.066432028648847918e+01 1.072830180781221721e+01 1.072830180781221721e+01 1.072830180781221721e+01 1.072830180781221721e+01
8.417248301351287765e+00 1.033463087253472246e+01 1.072432959851199819e+01 1.072432959851199819e+01 1.072432959851199819e+01 1.072432959851199819e+01 1.072432959851199819e+01 1.072432959851199819e+01 1.072432959851199819e+01 1.072432959851199819e+01 1.072432959851199819e+01
7.605523235997625697e+00 7.605523235997625697e+00 9.421868235523193746e+00 1.067414252641431638e+01 1.067414252641431638e+01 1.067414252641431638e+01 1.072819954530995723e+01 1.072819954530995723e+01 1.072819954530995723e+01 1.072819954530995723e+01 1.072819954530995723e+01
9.898157309089100409e+00 9.898157309089100409e+00 9.898157309089100409e+00 9.898157309089100409e+00 1.072824068643190820e+01 1.072824068643190820e+01 1.072824068643190820e+01 1.072824068643190820e+01 1.072824068643190820e+01 1.072824068643190820e+01 1.072824068643190820e+01
7.741881828096224272e-01 9.936518919196744015e-01 9.936518919196744015e-01 9.936518919196744015e-01 1.202453479720304363e+00 1.202453479720304363e+00 1.202453479720304363e+00 1.066743887345097441e+01 1.066743887345097441e+01 1.071132750109006260e+01 1.072835029578836519e+01
