6.433710709678755357e+00 2.680203957046671803e-01 1.216677161825714393e-01 1.216677161825714393e-01 6.050325671488110402e-03 4.865112976517593779e-04 4.865112976517593779e-04 4.865112976517593779e-04 4.865112976517593779e-04 4.865112976517593779e-04 4.865112976517593779e-04 4.865112976517593779e-04 4.865112976517593779e-04 4.865112976517593779e-04 4.865112976517593779e-04
1.647834191717503671e+00 1.488109751415095161e+00 1.488109751415095161e+00 1.488109751415095161e+00 1.488109751415095161e+00 1.488109751415095161e+00 1.488109751415095161e+00 1.488109751415095161e+00 2.673242642326272289e-01 9.774891957653153440e-02 9.774891957653153440e-02 2.964978984445565402e-02 2.964978984445565402e-02 8.072751442824710466e-04 8.072751442824710466e-04
3.447014429633093791e+00 3.447014429633093791e+00 3.447014429633093791e+00 9.948432325745102389e-01 7.849774372192541705e-02 8.877387710015227640e-03 8.877387710015227640e-03 8.877387710015227640e-03 1.147425679732805293e-04 1.147425679732805293e-04 1.147425679732805293e-04 1.147425679732805293e-04 1.147425679732805293e-04 1.147425679732805293e-04 1.147425679732805293e-04
1.932146143309240838e+00 1.932146143309240838e+00 1.187299235396288566e+00 1.187299235396288566e+00 1.187299235396288566e+00 1.187299235396288566e+00 1.187299235396288566e+00 1.187299235396288566e+00 1.187299235396288566e+00 1.187299235396288566e+00 1.187299235396288566e+00 1.187299235396288566e+00 3.465849382626728925e-01 3.465849382626728925e-01 1.043527452228687480e-01
1.091624029513695859e-01 1.091624029513695859e-01 2.716698207655099395e-02 2.716698207655099395e-02 2.716698207655099395e-02 2.716698207655099395e-02 2.716698207655099395e-02 2.716698207655099395e-02 2.716698207655099395e-02 2.716698207655099395e-02 2.716698207655099395e-02 2.716698207655099395e-02 2.716698207655099395e-02 2.716698207655099395e-02 2.716698207655099395e-02
2.046766475371327942e+00 2.046766475371327942e+00 2.046766475371327942e+00 2.046766475371327942e+00 1.314792122640312755e+00 1.314792122640312755e+00 9.139138745136392572e-01 9.139138745136392572e-01 9.139138745136392572e-01 9.139138745136392572e-01 9.139138745136392572e-01 9.139138745136392572e-01 9.139138745136392572e-01 9.139138745136392572e-01 9.139138745136392572e-01
3.682421884252960353e+00 3.682421884252960353e+00 3.409997851500747856e+00 3.409997851500747856e+00 3.203288469541575978e+00 2.758790119429477272e+00 1.631323692487285371e-01 1.712204320028831717e-03 2.226900506911988487e-04 1.921215141464927001e-05 1.921215141464927001e-05 1.921215141464927001e-05 1.921215141464927001e-05 1.921215141464927001e-05 1.921215141464927001e-05
3.396286892879082586e+00 2.326555221258173489e+00 1.221584844109157686e+00 1.221584844109157686e+00 5.373625665410042274e-01 1.641187482864658875e-02 -1.358336100896195831e-04 -1.358336100896195831e-04 -1.358336100896195831e-04 -1.358336100896195831e-04 -1.358336100896195831e-04 -1.358336100896195831e-04 -1.358336100896195831e-04 -1.358336100896195831e-04 -1.358336100896195831e-04
3.795084325637205325e+00 5.853795325298136731e-01 5.853795325298136731e-01 5.853795325298136731e-01 6.916911379944679084e-02 6.916911379944679084e-02 -1.519719485244763746e-03 -1.519719485244763746e-03 -1.519719485244763746e-03 -1.519719485244763746e-03 -1.519719485244763746e-03 -1.519719485244763746e-03 -1.519719485244763746e-03 -1.519719485244763746e-03 -1.519719485244763746e-03
2.527257080805000555e+00 1.664642983737806503e+00 1.664642983737806503e+00 1.661437824275893149e+00 1.379131099014969664e+00 1.379131099014969664e+00 7.200435834108276367e-01 9.058680961574339108e-02 1.088810967151232489e-02 5.121356665114262796e-04 -4.623712617757291810e-04 -4.623712617757291810e-04 -4.623712617757291810e-04 -4.623712617757291810e-04 -4.623712617757291810e-04
5.519600478560603207e+00 3.499740608923771035e+00 3.499740608923771035e+00 2.739607293806058053e+00 4.158002306094044087e-01 3.788783300936824361e-01 1.742996512720473845e-02 4.975072462626073388e-03 4.975072462626073388e-03 4.975072462626073388e-03 4.975072462626073388e-03 4.975072462626073388e-03 4.975072462626073388e-03 4.975072462626073388e-03 4.975072462626073388e-03
2.587064035449486710e-01 3.051852419235956404e-02 3.051852419235956404e-02 3.051852419235956404e-02 3.536013672999160917e-03 3.536013672999160917e-03 3.536013672999160917e-03 3.536013672999160917e-03 3.536013672999160917e-03 3.416205020698726003e-04 3.416205020698726003e-04 3.416205020698726003e-04 3.416205020698726003e-04 3.416205020698726003e-04 3.416205020698726003e-04
4.645271745685391807e+00 2.133362766058354509e+00 2.133362766058354509e+00 2.133362766058354509e+00 2.133362766058354509e+00 2.133362766058354509e+00 2.133362766058354509e+00 8.179968633734517880e-01 8.179968633734517880e-01 8.179968633734517880e-01 1.871998036281752320e-01 1.871998036281752320e-01 1.871998036281752320e-01 4.146820463680001012e-02 4.146820463680001012e-02
3.472867171894167271e+00 2.065962126552022937e+00 2.065962126552022937e+00 1.217499888651005335e+00 1.217499888651005335e+00 8.166475006054412233e-01 2.564138454449960136e-02 2.564138454449960136e-02 2.564138454449960136e-02 2.564138454449960136e-02 2.564138454449960136e-02 2.564138454449960136e-02 2.564138454449960136e-02 2.564138454449960136e-02 2.564138454449960136e-02
1.034717347986585878e+00 1.034717347986585878e+00 1.034717347986585878e+00 0.000000000000000000e+00 0.000000000000000000e+00 0.000000000000000000e+00 0.000000000000000000e+00 0.000000000000000000e+00 0.000000000000000000e+00 0.000000000000000000e+00 0.000000000000000000e+00 0.000000000000000000e+00 0.000000000000000000e+00 0.000000000000000000e+00 0.000000000000000000e+00
1.150690712120306713e+00 4.233241191964332018e-02 3.602302806343793407e-02 3.806860826854219226e-03 3.806860826854219226e-03 3.806860826854219226e-03 6.083069769839966057e-04 6.083069769839966057e-04 6.083069769839966057e-04 6.083069769839966057e-04 6.083069769839966057e-04 6.083069769839966057e-04 6.083069769839966057e-04 6.083069769839966057e-04 6.083069769839966057e-04
6.063956796792353998e+00 5.223440768568877957e+00 4.283164674409647432e+00 1.133143715621599767e+00 1.133143715621599767e+00 1.133143715621599767e+00 1.133143715621599767e+00 1.133143715621599767e+00 1.133143715621599767e+00 1.133143715621599767e+00 1.133143715621599767e+00 1.133143715621599767e+00 1.133143715621599767e+00 1.133143715621599767e+00 1.133143715621599767e+00
5.086002285913906462e+00 2.627285964601355772e-01 1.710907731163047174e-02 1.533653320990424618e-03 1.533653320990424618e-03 1.533653320990424618e-03 1.533653320990424618e-03 1.533653320990424618e-03 1.533653320990424618e-03 1.533653320990424618e-03 -3.554004019576950668e-04 -3.554004019576950668e-04 -3.554004019576950668e-04 -3.554004019576950668e-04 -3.554004019576950668e-04
5.245384791956752224e+00 5.245384791956752224e+00 3.254976963208406460e+00 9.082319593639169852e-01 1.745457199971554019e-01 2.484700822405727649e-02 2.484700822405727649e-02 2.954213780981262971e-05 2.954213780981262971e-05 2.954213780981262971e-05 2.954213780981262971e-05 2.954213780981262971e-05 2.954213780981262971e-05 2.954213780981262971e-05 2.954213780981262971e-05
4.900155079211288012e+00 4.900155079211288012e+00 2.694117837705626073e+00 2.099783295956711981e-01 1.520650585976852653e-01 6.978743044555812958e-03 6.978743044555812958e-03 4.113874264817241055e-03 4.113874264817241055e-03 4.113874264817241055e-03 4.113874264817241055e-03 4.113874264817241055e-03 4.113874264817241055e-03 4.113874264817241055e-03 4.113874264817241055e-03
4.917134077767570943e+00 4.917134077767570943e+00 1.993499857607503145e+00 5.749297827744612732e-01 3.066807511161186994e-01 3.066807511161186994e-01 6.168574756202360732e-03 6.168574756202360732e-03 2.335231940833182307e-04 2.335231940833182307e-04 2.335231940833182307e-04 2.335231940833182307e-04 2.335231940833182307e-04 2.335231940833182307e-04 2.335231940833182307e-04
2.491873692241150628e+00 2.491873692241150628e+00 2.491873692241150628e+00 1.865942700152069200e+00 1.865942700152069200e+00 1.865942700152069200e+00 1.865942700152069200e+00 1.865942700152069200e+00 1.865942700152069200e+00 7.194027244694973788e-01 7.194027244694973788e-01 3.904616726394545267e-01 3.904616726394545267e-01 2.509677552179221394e-01 3.850511714467419466e-02
2.005845242660510230e+00 1.171987976463526593e+00 1.171987976463526593e+00 1.171987976463526593e+00 1.083924294615883355e+00 1.968896965834403545e-01 1.228302450616070018e-02 3.648956140096970557e-03 3.648956140096970557e-03 3.648956140096970557e-03 3.648956140096970557e-03 3.648956140096970557e-03 3.648956140096970557e-03 3.648956140096970557e-03 3.648956140096970557e-03
3.302863570498260515e+00 1.109102641198660422e-01 1.099144726595113752e-02 5.752191800866057747e-03 5.752191800866057747e-03 3.176709521994780516e-04 3.176709521994780516e-04 3.176709521994780516e-04 3.176709521994780516e-04 3.176709521994780516e-04 3.176709521994780516e-04 3.176709521994780516e-04 3.176709521994780516e-04 3.176709521994780516e-04 3.176709521994780516e-04
3.916592814147196400e+00 3.278675943194514275e+00 3.687021059020594294e-01 6.632224591459134899e-02 6.632224591459134899e-02 6.632224591459134899e-02 6.632224591459134899e-02 1.278525103003858021e-02 1.278525103003858021e-02 1.278525103003858021e-02 1.278525103003858021e-02 1.278525103003858021e-02 1.278525103003858021e-02 1.278525103003858021e-02 1.278525103003858021e-02
3.782552167843057589e+00 4.011560270946574747e-01 5.817431975356157636e-02 5.817431975356157636e-02 5.817431975356157636e-02 2.787643526971805841e-03 2.787643526971805841e-03 1.011027013191778678e-03 1.011027013191778678e-03 1.011027013191778678e-03 1.011027013191778678e-03 1.011027013191778678e-03 1.011027013191778678e-03 1.011027013191778678e-03 1.011027013191778678e-03
1.660210868213995994e+00 2.520925138674954269e-01 6.766559185874143623e-02 1.365240361721475892e-02 1.175958787601416589e-02 1.175958787601416589e-02 1.175958787601416589e-02 1.175958787601416589e-02 1.682190639058944726e-03 1.682190639058944726e-03 1.682190639058944726e-03 1.682190639058944726e-03 1.682190639058944726e-03 1.682190639058944726e-03 1.682190639058944726e-03
1.368644734230414883e+00 1.368644734230414883e+00 5.541307960945687228e-01 3.187245578367310372e-01 3.187245578367310372e-01 3.187245578367310372e-01 3.187245578367310372e-01 3.187245578367310372e-01 3.187245578367310372e-01 3.187245578367310372e-01 3.187245578367310372e-01 2.741810557855899333e-01 2.741810557855899333e-01 2.741810557855899333e-01 2.741810557855899333e-01
5.457321281401848800e+00 5.141902380797546357e+00 4.924080835849931503e+00 4.924080835849931503e+00 4.037853204845305299e-01 4.037853204845305299e-01 2.541355876285251725e-01 5.989710492440281087e-02 5.989710492440281087e-02 5.989710492440281087e-02 5.989710492440281087e-02 5.989710492440281087e-02 5.989710492440281087e-02 5.989710492440281087e-02 9.752130470133124618e-04
1.279401191958186246e+00 1.159457499989457574e+00 1.159457499989457574e+00 5.725402842563198647e-01 1.808880386486180214e-01 1.808880386486180214e-01 1.019797503499830782e-02 1.019797503499830782e-02 5.886059002932597650e-03 5.886059002932597650e-03 5.886059002932597650e-03 5.886059002932597650e-03 5.886059002932597650e-03 5.886059002932597650e-03 5.886059002932597650e-03
3.129129034521147545e-01 6.138095466513959764e-02 6.138095466513959764e-02 5.352028304628220212e-04 5.352028304628220212e-04 5.352028304628220212e-04 5.352028304628220212e-04 5.352028304628220212e-04 5.352028304628220212e-04 5.352028304628220212e-04 5.352028304628220212e-04 5.352028304628220212e-04 5.352028304628220212e-04 5.352028304628220212e-04 5.352028304628220212e-04
4.066489432136535243e-01 1.556607433689691788e-01 1.556607433689691788e-01 5.732467292718013141e-02 4.158360129281390982e-03 4.720003532270311553e-04 4.720003532270311553e-04 4.720003532270311553e-04 4.720003532270311553e-04 4.720003532270311553e-04 4.720003532270311553e-04 4.720003532270311553e-04 4.720003532270311553e-04 4.720003532270311553e-04 4.720003532270311553e-04
1.044119092632758594e+00 1.044119092632758594e+00 7.431535602284782271e-01 7.431535602284782271e-01 5.110962483222465380e-01 5.110962483222465380e-01 5.110962483222465380e-01 5.110962483222465380e-01 5.110962483222465380e-01 5.110962483222465380e-01 5.110962483222465380e-01 3.734274499278740223e-01 1.414351803649935846e-01 1.414351803649935846e-01 1.414351803649935846e-01
6.586077135779461855e+00 5.663238771068336064e+00 4.393281252808264981e+00 4.010460964905178116e+00 4.010460964905178116e+00 4.010460964905178116e+00 4.010460964905178116e+00 4.010460964905178116e+00 4.010460964905178116e+00 4.333508366121350264e-01 2.500035694220059668e-02 3.360208368121675448e-04 3.360208368121675448e-04 -1.456550470038564526e-03 -1.456550470038564526e-03
2.302465639763129346e+00 2.302465639763129346e+00 2.302465639763129346e+00 2.302465639763129346e+00 2.302465639763129346e+00 2.302465639763129346e+00 2.302465639763129346e+00 2.302465639763129346e+00 1.651773334270299820e+00 1.225416063044595383e+00 1.317553395392581095e-01 7.940030764008731978e-03 -2.646051402972027233e-03 -2.646051402972027233e-03 -2.646051402972027233e-03
4.947231961164689551e+00 2.031309442592274195e+00 8.692304359023665938e-01 1.299544495885953665e-01 3.422329513900024267e-02 3.422329513900024267e-02 2.245348860142826197e-03 2.245348860142826197e-03 2.245348860142826197e-03 2.245348860142826197e-03 2.245348860142826197e-03 2.245348860142826197e-03 2.245348860142826197e-03 2.245348860142826197e-03 2.245348860142826197e-03
2.800360010862107174e+00 1.320424914637158054e+00 1.320424914637158054e+00 1.320424914637158054e+00 1.320424914637158054e+00 1.320424914637158054e+00 1.197006550626156240e-02 1.197006550626156240e-02 1.197006550626156240e-02 1.197006550626156240e-02 3.126908121089400083e-04 3.126908121089400083e-04 3.126908121089400083e-04 3.126908121089400083e-04 3.126908121089400083e-04
1.107204121042125067e+00 2.676588931369678903e-01 2.598460129524937656e-02 2.621028484554699389e-03 1.534060138737913803e-03 1.534060138737913803e-03 1.534060138737913803e-03 1.534060138737913803e-03 1.534060138737913803e-03 1.534060138737913803e-03 1.534060138737913803e-03 1.534060138737913803e-03 1.534060138737913803e-03 1.534060138737913803e-03 1.534060138737913803e-03
3.669280483524474334e+00 3.442636295558543225e-02 6.334371973210295437e-03 3.013344186939548308e-04 3.013344186939548308e-04 3.013344186939548308e-04 3.013344186939548308e-04 3.013344186939548308e-04 3.013344186939548308e-04 3.013344186939548308e-04 3.013344186939548308e-04 3.013344186939548308e-04 3.013344186939548308e-04 3.013344186939548308e-04 3.013344186939548308e-04
3.573278479341354341e+00 3.573278479341354341e+00 2.963029841410673271e+00 2.963029841410673271e+00 2.070872610586150131e+00 2.070872610586150131e+00 2.070872610586150131e+00 2.070872610586150131e+00 2.070872610586150131e+00 2.070872610586150131e+00 1.828703843238429272e+00 1.828703843238429272e+00 4.258374506146083149e-01 4.048879530316185082e-02 4.048879530316185082e-02
5.889758299787786200e+00 5.889758299787786200e+00 5.889758299787786200e+00 5.790104971119873767e+00 5.790104971119873767e+00 5.790104971119873767e+00 4.571801681013766938e+00 6.796152155432082509e-01 6.796152155432082509e-01 6.796152155432082509e-01 2.250775712291783748e-01 3.966292687437089626e-03 3.966292687437089626e-03 3.966292687437089626e-03 2.442956053982925368e-05
4.672707594707240730e+00 2.315987273009604053e+00 2.315987273009604053e+00 2.315987273009604053e+00 6.492435130702745028e-03 1.182219438341292062e-03 1.384057842557240292e-05 1.384057842557240292e-05 1.384057842557240292e-05 1.384057842557240292e-05 1.384057842557240292e-05 1.384057842557240292e-05 1.384057842557240292e-05 1.384057842557240292e-05 1.384057842557240292e-05
5.212509260192518923e+00 2.485140705146704931e+00 2.485140705146704931e+00 2.071501010077554383e-01 2.444920889490731497e-02 2.444920889490731497e-02 2.444920889490731497e-02 2.444920889490731497e-02 2.444920889490731497e-02 2.444920889490731497e-02 2.444920889490731497e-02 2.444920889490731497e-02 2.444920889490731497e-02 2.444920889490731497e-02 1.264544499122166599e-03
3.008617120426748670e+00 3.008617120426748670e+00 2.728782195278000700e+00 2.047766619197240345e+00 1.069402356639031382e+00 1.069402356639031382e+00 9.969461955231793127e-01 9.370862484941824277e-01 9.370862484941824277e-01 9.370862484941824277e-01 6.803286345482177921e-01 3.072178820975466351e-01 3.072178820975466351e-01 2.720962613409483311e-02 2.720962613409483311e-02
2.991641919341155642e+00 2.991641919341155642e+00 2.991641919341155642e+00 1.090137242790152783e+00 1.090137242790152783e+00 1.090137242790152783e+00 8.226406993293977621e-02 8.226406993293977621e-02 2.275133960765174379e-03 -3.299252866852953048e-04 -3.299252866852953048e-04 -3.299252866852953048e-04 -3.299252866852953048e-04 -3.299252866852953048e-04 -3.299252866852953048e-04
1.836573450740090152e+00 1.836573450740090152e+00 1.116852937826479319e+00 3.784998737610294484e-01 8.607748426948091947e-02 2.760061776189104421e-02 4.470526819204678759e-04 4.470526819204678759e-04 4.470526819204678759e-04 4.470526819204678759e-04 4.470526819204678759e-04 4.470526819204678759e-04 4.470526819204678759e-04 4.470526819204678759e-04 4.470526819204678759e-04
2.304037313323419767e+00 7.181978190359927794e-01 6.112777541669061065e-01 1.078638516361820621e-01 2.354656566330959322e-02 2.354656566330959322e-02 2.354656566330959322e-02 2.354656566330959322e-02 2.354656566330959322e-02 2.354656566330959322e-02 2.354656566330959322e-02 7.386426859966377378e-03 7.386426859966377378e-03 7.386426859966377378e-03 6.662634073165918380e-03
1.730162264675449535e+00 1.730162264675449535e+00 1.730162264675449535e+00 2.137393421296849283e-01 1.773360625677753433e-01 1.773360625677753433e-01 1.773360625677753433e-01 1.773360625677753433e-01 1.773360625677753433e-01 1.773360625677753433e-01 1.773360625677753433e-01 1.773360625677753433e-01 1.773360625677753433e-01 1.773360625677753433e-01 1.773360625677753433e-01
3.953346142212353698e+00 3.327541414793415697e+00 3.327541414793415697e+00 2.861593565669551253e+00 2.861593565669551253e+00 2.193263616635022117e+00 1.750018133347850835e+00 1.429290576431355930e+00 1.429290576431355930e+00 1.510289723537425743e-01 1.335483401339843113e-02 7.633580230503866915e-04 7.633580230503866915e-04 7.633580230503866915e-04 7.633580230503866915e-04
9.677653671836139893e+00 7.716392353298374474e+00 7.716392353298374474e+00 4.403821418317193093e+00 4.403821418317193093e+00 4.403821418317193093e+00 4.403821418317193093e+00 4.403821418317193093e+00 1.730849926344887990e+00 1.730849926344887990e+00 6.984891856083663697e-02 4.122893713571329499e-03 1.067692210199311376e-05 1.067692210199311376e-05 1.067692210199311376e-05
2.151364138162206174e-01 2.151364138162206174e-01 2.151364138162206174e-01 7.994634208833684141e-02 7.994634208833684141e-02 1.617603849090709645e-02 1.798230654439514353e-03 7.790686889119768921e-05 3.726614205667999613e-06 3.726614205667999613e-06 3.726614205667999613e-06 3.726614205667999613e-06 3.726614205667999613e-06 3.726614205667999613e-06 3.726614205667999613e-06
2.557580078163844917e+00 1.571752247841885719e+00 1.571752247841885719e+00 1.571752247841885719e+00 1.571752247841885719e+00 1.457600755142948401e+00 7.084144839975579089e-01 7.084144839975579089e-01 1.562207074841808208e-01 5.783556768847120111e-03 7.918539506590605015e-04 7.522419332417484839e-05 7.522419332417484839e-05 7.522419332417484839e-05 7.522419332417484839e-05
1.706745059720410129e+00 1.062516072538898015e+00 1.062516072538898015e+00 1.062516072538898015e+00 1.062516072538898015e+00 1.062516072538898015e+00 1.062516072538898015e+00 1.062516072538898015e+00 8.248940458365439099e-02 8.248940458365439099e-02 2.849021030651499586e-02 2.849021030651499586e-02 2.849021030651499586e-02 2.849021030651499586e-02 2.849021030651499586e-02
2.309521642364185112e+00 2.309521642364185112e+00 2.309521642364185112e+00 2.309521642364185112e+00 1.149634439198550240e-01 1.149634439198550240e-01 5.172987364389314280e-02 5.172987364389314280e-02 5.172987364389314280e-02 5.172987364389314280e-02 5.172987364389314280e-02 5.172987364389314280e-02 1.574901005278661614e-02 1.574901005278661614e-02 1.574901005278661614e-02
4.223883010832765628e+00 2.966080138189682636e+00 2.966080138189682636e+00 1.857528904520081348e+00 1.857528904520081348e+00 7.863855985189056597e-01 7.612412449845402662e-01 7.612412449845402662e-01 4.633797416502805078e-02 4.633797416502805078e-02 4.067718690238031343e-03 4.067718690238031343e-03 4.067718690238031343e-03 4.067718690238031343e-03 4.067718690238031343e-03
6.516472230471286764e+00 5.968503896430433997e+00 5.968503896430433997e+00 5.968503896430433997e+00 5.968503896430433997e+00 5.968503896430433997e+00 5.968503896430433997e+00 2.296293878350297746e+00 1.675724659627178426e+00 8.630992668312273963e-01 9.517340498121029668e-02 4.486249239903372654e-03 -2.775891914552630624e-05 -2.775891914552630624e-05 -2.775891914552630624e-05
2.382514246127811930e+00 2.382514246127811930e+00 2.382514246127811930e+00 2.382514246127811930e+00 2.382514246127811930e+00 2.382514246127811930e+00 7.072179681116494976e-01 7.072179681116494976e-01 9.347391961210860245e-02 9.347391961210860245e-02 9.347391961210860245e-02 9.347391961210860245e-02 1.498533271831092861e-02 1.498533271831092861e-02 7.843784616170523805e-03
3.029187958874224762e+00 3.029187958874224762e+00 3.029187958874224762e+00 1.116359907461976775e+00 1.116359907461976775e+00 1.116359907461976775e+00 5.323450748231906005e-01 5.323450748231906005e-01 5.323450748231906005e-01 4.520719845405736237e-01 4.520719845405736237e-01 4.520719845405736237e-01 4.520719845405736237e-01 4.520719845405736237e-01 4.520719845405736237e-01
1.329820180240858463e+00 1.329820180240858463e+00 6.238855414270574329e-01 6.238855414270574329e-01 6.238855414270574329e-01 6.238855414270574329e-01 6.238855414270574329e-01 5.646475018796763834e-01 2.224177790216117501e-01 2.224177790216117501e-01 2.224177790216117501e-01 2.224177790216117501e-01 2.224177790216117501e-01 2.224177790216117501e-01 2.224177790216117501e-01
3.076451564941762307e+00 3.076451564941762307e+00 3.076451564941762307e+00 3.076451564941762307e+00 3.076451564941762307e+00 3.076451564941762307e+00 2.284393910402670258e+00 1.443885026794959003e+00 1.443885026794959003e+00 2.892342349351224584e-01 8.087823583908004821e-02 8.087823583908004821e-02 8.087823583908004821e-02 8.087823583908004821e-02 8.087823583908004821e-02
1.540909461206183551e+00 1.540909461206183551e+00 2.950041520469426359e-01 2.950041520469426359e-01 2.950041520469426359e-01 1.727515457358208550e-01 1.727515457358208550e-01 1.727515457358208550e-01 1.727515457358208550e-01 1.727515457358208550e-01 1.727515457358208550e-01 1.727515457358208550e-01 1.727515457358208550e-01 1.727515457358208550e-01 1.727515457358208550e-01
3.695130550161167093e+00 3.695130550161167093e+00 3.695130550161167093e+00 2.269546031295817556e+00 1.941487259661357712e+00 1.941487259661357712e+00 1.507668761835816440e+00 1.507668761835816440e+00 1.507668761835816440e+00 1.507668761835816440e+00 4.179559653310320755e-01 4.179559653310320755e-01 7.076132957831759995e-02 1.996832585047059183e-02 1.996832585047059183e-02
2.908673402513883843e+00 2.908673402513883843e+00 2.536381563726990862e+00 2.536381563726990862e+00 6.672885451439469762e-02 1.402741151150621590e-02 1.402741151150621590e-02 2.721228967402566923e-03 2.721228967402566923e-03 2.721228967402566923e-03 2.721228967402566923e-03 2.721228967402566923e-03 2.721228967402566923e-03 2.721228967402566923e-03 2.721228967402566923e-03
4.026499698302156816e+00 4.026499698302156816e+00 4.026499698302156816e+00 3.319880361238176647e+00 6.812199659885322944e-01 1.588614624775459561e-01 1.096392094573843679e-01 1.096392094573843679e-01 8.681657963791167276e-03 8.681657963791167276e-03 8.681657963791167276e-03 1.310989429441633547e-03 1.310989429441633547e-03 1.310989429441633547e-03 1.310989429441633547e-03
1.491134147536167021e+00 1.491134147536167021e+00 1.491134147536167021e+00 1.491134147536167021e+00 1.491134147536167021e+00 3.729647853669462165e-01 3.729647853669462165e-01 3.729647853669462165e-01 3.729647853669462165e-01 3.729647853669462165e-01 3.729647853669462165e-01 3.729647853669462165e-01 3.729647853669462165e-01 2.802079123793532744e-01 2.802079123793532744e-01
8.013837620620734015e-01 8.013837620620734015e-01 9.412630878546224267e-02 1.319616090995623381e-02 1.319616090995623381e-02 1.840404214021873486e-03 2.004583811867632903e-04 2.004583811867632903e-04 2.004583811867632903e-04 2.004583811867632903e-04 2.004583811867632903e-04 2.004583811867632903e-04 2.004583811867632903e-04 2.004583811867632903e-04 2.004583811867632903e-04
2.544839228793671637e+00 2.080261258709469985e+00 2.080261258709469985e+00 5.167622397711966187e-01 1.269665587666395368e-01 1.269665587666395368e-01 3.259918678838857886e-02 7.716865587553911610e-03 6.362921025811374420e-03 6.362921025811374420e-03 6.335642196972912643e-04 6.335642196972912643e-04 6.335642196972912643e-04 6.335642196972912643e-04 6.335642196972912643e-04
7.811509494144278420e+00 7.811509494144278420e+00 5.957417370731718620e+00 5.012085304106243200e+00 4.582910702599519936e+00 3.567068490342876430e+00 3.567068490342876430e+00 3.567068490342876430e+00 3.567068490342876430e+00 3.567068490342876430e+00 3.567068490342876430e+00 3.567068490342876430e+00 3.233804091259884217e+00 3.233804091259884217e+00 0.000000000000000000e+00
9.206075659045552584e+00 7.404108222447803200e+00 2.274742484247894936e+00 7.604858909953122748e-01 5.428405252844186180e-01 5.428405252844186180e-01 3.513322660285211896e-02 6.924774165952385374e-03 6.845450099035588210e-04 6.845450099035588210e-04 6.845450099035588210e-04 6.845450099035588210e-04 6.845450099035588210e-04 6.845450099035588210e-04 6.845450099035588210e-04
5.171907775320505607e-02 5.171907775320505607e-02 1.488310442209694884e-02 1.488310442209694884e-02 1.488310442209694884e-02 1.488310442209694884e-02 3.002275248036312405e-04 3.002275248036312405e-04 3.002275248036312405e-04 3.002275248036312405e-04 3.002275248036312405e-04 3.002275248036312405e-04 3.002275248036312405e-04 3.002275248036312405e-04 3.002275248036312405e-04
2.683822865038751448e+00 2.683822865038751448e+00 2.683822865038751448e+00 2.683822865038751448e+00 2.683822865038751448e+00 2.683822865038751448e+00 2.246900643515033380e+00 2.246900643515033380e+00 2.246900643515033380e+00 2.246900643515033380e+00 1.876246775824739643e+00 1.876246775824739643e+00 1.796826219296661975e+00 1.796826219296661975e+00 4.638996048060732846e-01
4.040235305397335885e+00 4.040235305397335885e+00 1.482002971493159293e-01 1.482002971493159293e-01 3.384212869141833835e-02 3.384212869141833835e-02 1.894128853533061374e-02 1.894128853533061374e-02 1.894128853533061374e-02 1.894128853533061374e-02 1.894128853533061374e-02 1.894128853533061374e-02 1.894128853533061374e-02 5.417484183567466971e-05 5.417484183567466971e-05
2.709767145299792901e-01 4.057311186022616312e-02 4.057311186022616312e-02 4.057311186022616312e-02 4.057311186022616312e-02 4.057311186022616312e-02 1.478647258227283601e-02 1.478647258227283601e-02 1.478647258227283601e-02 1.478647258227283601e-02 1.478647258227283601e-02 1.478647258227283601e-02 1.478647258227283601e-02 1.167255436371306132e-02 1.167255436371306132e-02
6.651061738995736050e-01 6.651061738995736050e-01 2.170639958253559598e-01 2.170639958253559598e-01 7.193079008698077814e-02 7.193079008698077814e-02 7.193079008698077814e-02 7.193079008698077814e-02 7.193079008698077814e-02 7.193079008698077814e-02 7.193079008698077814e-02 7.193079008698077814e-02 2.726294687613517453e-02 1.308692357565632847e-02 1.308692357565632847e-02
6.587277809640710302e-01 2.975062972833484309e-01 2.975062972833484309e-01 6.399813628422634793e-02 6.399813628422634793e-02 6.399813628422634793e-02 6.860284863705601310e-03 6.860284863705601310e-03 6.860284863705601310e-03 5.052884584642924892e-03 5.052884584642924892e-03 5.052884584642924892e-03 5.052884584642924892e-03 5.052884584642924892e-03 5.052884584642924892e-03
4.213927505356949155e+00 4.213927505356949155e+00 1.953541288437662615e+00 1.953541288437662615e+00 1.953541288437662615e+00 1.953541288437662615e+00 1.953541288437662615e+00 1.434342881094607947e-02 4.317336944268390653e-04 -9.509939013128132501e-04 -9.509939013128132501e-04 -9.509939013128132501e-04 -9.509939013128132501e-04 -9.509939013128132501e-04 -9.509939013128132501e-04
1.948681385999723403e+00 1.689637799096782800e+00 1.429329856586711855e-01 2.106679581072157248e-02 1.214851612802547720e-02 1.214851612802547720e-02 1.214851612802547720e-02 7.482423276670147061e-04 7.482423276670147061e-04 7.482423276670147061e-04 7.482423276670147061e-04 7.482423276670147061e-04 7.482423276670147061e-04 7.482423276670147061e-04 7.482423276670147061e-04
1.054207668126306174e+00 1.054207668126306174e+00 7.238447809706087810e-01 7.238447809706087810e-01 7.238447809706087810e-01 7.238447809706087810e-01 7.238447809706087810e-01 7.238447809706087810e-01 7.238447809706087810e-01 7.238447809706087810e-01 4.450985941797540590e-01 4.450985941797540590e-01 4.450985941797540590e-01 3.881707482752005944e-02 2.389694456169877412e-03
4.587086865236881472e+00 2.661267422481500944e+00 3.156886717770248652e-01 7.583703992168011609e-03 3.159674099606490927e-04 3.159674099606490927e-04 3.159674099606490927e-04 3.159674099606490927e-04 3.159674099606490927e-04 3.159674099606490927e-04 3.159674099606490927e-04 3.159674099606490927e-04 3.159674099606490927e-04 3.159674099606490927e-04 3.159674099606490927e-04
2.603161290077945722e+00 2.603161290077945722e+00 5.422206685852639652e-01 4.884870231898861270e-01 4.884870231898861270e-01 4.884870231898861270e-01 3.444113418654524139e-01 7.326270380417554406e-02 2.886355647842719918e-02 2.886355647842719918e-02 2.886355647842719918e-02 2.886355647842719918e-02 9.490096782428736333e-03 9.490096782428736333e-03 7.495593531530175824e-03
6.497242821519193967e+00 6.330276590736900744e-01 1.049198296511235640e-01 4.516710196594431181e-02 4.516710196594431181e-02 5.889106667041232868e-03 5.889106667041232868e-03 2.341258243745869549e-03 2.232448131167075189e-03 2.232448131167075189e-03 2.232448131167075189e-03 2.232448131167075189e-03 2.232448131167075189e-03 2.232448131167075189e-03 2.232448131167075189e-03
2.615118288459774121e+00 2.615118288459774121e+00 2.615118288459774121e+00 2.615118288459774121e+00 1.776475666438699363e+00 6.322858159601025818e-01 6.322858159601025818e-01 6.322858159601025818e-01 6.322858159601025818e-01 6.322858159601025818e-01 6.322858159601025818e-01 6.322858159601025818e-01 6.322858159601025818e-01 6.098607004455232072e-01 6.098607004455232072e-01
3.097594300038531756e+00 1.072106870954542046e+00 1.072106870954542046e+00 1.072106870954542046e+00 1.072106870954542046e+00 3.550385035382817023e-01 3.550385035382817023e-01 3.550385035382817023e-01 7.077080070314423210e-02 8.170923944703645248e-03 8.170923944703645248e-03 8.170923944703645248e-03 8.170923944703645248e-03 8.170923944703645248e-03 8.170923944703645248e-03
2.788307056463708022e-01 2.025714436286651932e-02 2.025714436286651932e-02 2.025714436286651932e-02 2.025714436286651932e-02 2.025714436286651932e-02 2.025714436286651932e-02 3.285233116995911473e-03 3.285233116995911473e-03 3.285233116995911473e-03 3.285233116995911473e-03 3.285233116995911473e-03 3.285233116995911473e-03 3.285233116995911473e-03 3.285233116995911473e-03
3.276093167066342460e+00 2.479686539886358787e+00 1.288165831269907358e+00 2.878959115396355628e-01 3.084384764269998414e-02 6.638128747908922378e-04 9.683008102001622319e-05 9.683008102001622319e-05 9.683008102001622319e-05 9.683008102001622319e-05 9.683008102001622319e-05 9.683008102001622319e-05 9.683008102001622319e-05 9.683008102001622319e-05 9.683008102001622319e-05
2.046002904666375244e+00 2.046002904666375244e+00 4.285448391529556034e-01 2.090966395684894508e-01 2.090966395684894508e-01 7.966203966999785280e-02 7.966203966999785280e-02 7.966203966999785280e-02 7.966203966999785280e-02 7.966203966999785280e-02 7.966203966999785280e-02 9.179682078865880612e-04 9.179682078865880612e-04 3.056909677070507314e-04 3.056909677070507314e-04
4.068157440896637667e+00 3.502787228107866468e+00 2.476375243933933490e+00 2.476375243933933490e+00 2.476375243933933490e+00 1.717055499456694889e+00 1.717055499456694889e+00 3.661396379242098931e-01 9.060379391648964997e-02 9.060379391648964997e-02 9.060379391648964997e-02 9.060379391648964997e-02 1.294010699404068987e-02 3.174182879536857627e-03 3.174182879536857627e-03
4.973496408393316415e-01 6.281500771086712120e-02 2.093216735369196613e-02 1.380144780284808803e-03 7.281941161068061774e-04 7.281941161068061774e-04 7.281941161068061774e-04 7.281941161068061774e-04 7.281941161068061774e-04 7.281941161068061774e-04 7.281941161068061774e-04 7.281941161068061774e-04 7.281941161068061774e-04 7.281941161068061774e-04 7.281941161068061774e-04
9.899748815711717498e-01 8.774504264988394198e-01 6.287778873966942683e-02 6.287778873966942683e-02 6.287778873966942683e-02 6.287778873966942683e-02 2.255568195870694126e-02 7.891758864531084328e-04 7.891758864531084328e-04 7.891758864531084328e-04 7.891758864531084328e-04 7.891758864531084328e-04 7.891758864531084328e-04 7.891758864531084328e-04 7.891758864531084328e-04
3.755625409116664315e+00 3.755625409116664315e+00 3.755625409116664315e+00 2.715581204705017626e+00 2.715581204705017626e+00 2.715581204705017626e+00 2.715581204705017626e+00 9.048787468027512659e-01 9.048787468027512659e-01 9.048787468027512659e-01 7.791809112677583471e-02 7.791809112677583471e-02 7.791809112677583471e-02 7.791809112677583471e-02 7.791809112677583471e-02
2.697442656894850188e+00 1.959276083880467922e+00 1.959276083880467922e+00 1.959276083880467922e+00 9.505332024118615664e-01 6.916011162456925376e-01 6.916011162456925376e-01 6.916011162456925376e-01 6.916011162456925376e-01 6.916011162456925376e-01 6.172300330581492744e-01 6.172300330581492744e-01 6.172300330581492744e-01 5.073113386879413156e-01 5.073113386879413156e-01
7.706795848702086005e-01 3.095712508227848048e-01 3.095712508227848048e-01 3.530327615499118110e-02 1.129937335264230569e-03 1.129937335264230569e-03 4.804969817371329555e-04 4.804969817371329555e-04 4.804969817371329555e-04 4.804969817371329555e-04 4.804969817371329555e-04 4.804969817371329555e-04 4.804969817371329555e-04 4.804969817371329555e-04 4.804969817371329555e-04
1.881121787833556880e+00 4.148722676845864044e-01 4.148722676845864044e-01 7.615102690624553361e-02 7.052180779669470212e-02 7.052180779669470212e-02 1.206884533075935906e-03 1.206884533075935906e-03 1.206884533075935906e-03 1.206884533075935906e-03 1.206884533075935906e-03 1.206884533075935906e-03 1.206884533075935906e-03 1.206884533075935906e-03 1.206884533075935906e-03
4.836941754544996641e-01 3.755082157155058553e-01 5.119916021094184089e-02 5.119916021094184089e-02 3.779381818141303029e-02 3.779381818141303029e-02 3.779381818141303029e-02 3.779381818141303029e-02 2.995633123603624881e-03 2.995633123603624881e-03 2.995633123603624881e-03 2.995633123603624881e-03 2.995633123603624881e-03 1.951104549249293996e-04 1.951104549249293996e-04
5.035252170098203806e+00 2.479063815991139563e+00 2.479063815991139563e+00 1.273861426763573945e+00 1.273861426763573945e+00 3.130745537005026335e-01 3.130745537005026335e-01 3.130745537005026335e-01 3.130745537005026335e-01 3.130745537005026335e-01 3.130745537005026335e-01 3.130745537005026335e-01 3.130745537005026335e-01 3.130745537005026335e-01 3.130745537005026335e-01
1.796078404272201112e+00 1.796078404272201112e+00 1.796078404272201112e+00 1.796078404272201112e+00 1.796078404272201112e+00 1.796078404272201112e+00 1.796078404272201112e+00 1.040677055614992241e+00 1.040677055614992241e+00 1.040677055614992241e+00 1.040677055614992241e+00 1.040677055614992241e+00 1.040677055614992241e+00 1.040677055614992241e+00 1.040677055614992241e+00
4.820027486142826945e+00 2.151085966343508460e+00 2.151085966343508460e+00 2.151085966343508460e+00 1.051540755631037882e+00 1.085182123762820083e-01 7.189616344362548261e-03 7.189616344362548261e-03 -2.260977862533763982e-05 -2.260977862533763982e-05 -2.260977862533763982e-05 -2.260977862533763982e-05 -2.260977862533763982e-05 -2.260977862533763982e-05 -2.260977862533763982e-05
1.912128815562242679e+00 1.912128815562242679e+00 1.912128815562242679e+00 1.912128815562242679e+00 1.912128815562242679e+00 1.147408743956475519e+00 1.147408743956475519e+00 1.147408743956475519e+00 1.147408743956475519e+00 1.147408743956475519e+00 5.522364039416061132e-02 5.522364039416061132e-02 5.633625208020021091e-03 5.633625208020021091e-03 5.633625208020021091e-03
2.432586461810106293e+00 9.996846228035565218e-01 9.996846228035565218e-01 9.996846228035565218e-01 9.996846228035565218e-01 9.996846228035565218e-01 9.996846228035565218e-01 9.996846228035565218e-01 9.996846228035565218e-01 6.460606620924238541e-01 6.460606620924238541e-01 6.460606620924238541e-01 6.460606620924238541e-01 6.460606620924238541e-01 1.758937069508732520e-01
4.794411872375738071e+00 4.794411872375738071e+00 4.794411872375738071e+00 5.534401551202847713e-01 5.534401551202847713e-01 5.534401551202847713e-01 5.534401551202847713e-01 5.534401551202847713e-01 5.534401551202847713e-01 5.534401551202847713e-01 5.534401551202847713e-01 4.287881027573092751e-01 8.326709779936436462e-02 1.215589190425703237e-02 -1.295164238044321792e-04
