6.433710709678755357e+00 2.541442986137738558e-01 1.919347380640914480e-01 1.919347380640914480e-01 1.919347380640914480e-01 1.919347380640914480e-01 1.919347380640914480e-01 1.919347380640914480e-01 1.328101117792357400e-03 1.328101117792357400e-03 1.328101117792357400e-03 1.328101117792357400e-03 1.328101117792357400e-03 1.328101117792357400e-03 1.328101117792357400e-03
1.647834191717503671e+00 1.554744277391421292e+00 1.396160622464890366e+00 1.396160622464890366e+00 1.396160622464890366e+00 1.396160622464890366e+00 3.366011465564184846e-01 2.972221562632739733e-01 7.197773106952354283e-03 7.197773106952354283e-03 7.197773106952354283e-03 7.197773106952354283e-03 6.670984424914649935e-03 6.670984424914649935e-03 6.670984424914649935e-03
3.447014429633093791e+00 3.447014429633093791e+00 3.447014429633093791e+00 9.469673992370530868e-01 3.807712846327149236e-02 3.807712846327149236e-02 3.807712846327149236e-02 3.807712846327149236e-02 3.807712846327149236e-02 3.807712846327149236e-02 3.807712846327149236e-02 3.807712846327149236e-02 3.807712846327149236e-02 3.807712846327149236e-02 3.807712846327149236e-02
1.932146143309240838e+00 1.932146143309240838e+00 1.328645652579119485e+00 1.328645652579119485e+00 1.328645652579119485e+00 1.328645652579119485e+00 1.328645652579119485e+00 1.328645652579119485e+00 1.328645652579119485e+00 1.328645652579119485e+00 1.328645652579119485e+00 1.328645652579119485e+00 8.779932827431125020e-01 3.465849382626728925e-01 3.808837833593869959e-02
1.091624029513695859e-01 1.091624029513695859e-01 1.091624029513695859e-01 1.091624029513695859e-01 1.091624029513695859e-01 1.091624029513695859e-01 1.091624029513695859e-01 1.091624029513695859e-01 1.091624029513695859e-01 1.091624029513695859e-01 1.091624029513695859e-01 1.091624029513695859e-01 5.845848333387948514e-02 5.845848333387948514e-02 5.845848333387948514e-02
2.046766475371327942e+00 2.046766475371327942e+00 2.046766475371327942e+00 2.046766475371327942e+00 1.343687525505004032e+00 1.343687525505004032e+00 9.150275501468172479e-01 9.150275501468172479e-01 9.150275501468172479e-01 9.150275501468172479e-01 9.150275501468172479e-01 9.150275501468172479e-01 9.150275501468172479e-01 9.150275501468172479e-01 9.150275501468172479e-01
3.682421884252960353e+00 3.682421884252960353e+00 3.404103797364996353e+00 3.404103797364996353e+00 3.208073450924302961e+00 2.699681981261164765e+00 6.351530627227930381e-02 6.351530627227930381e-02 6.351530627227930381e-02 4.783486074416032352e-03 4.783486074416032352e-03 4.783486074416032352e-03 4.783486074416032352e-03 4.783486074416032352e-03 4.783486074416032352e-03
3.396286892879082586e+00 2.283140974413596425e+00 1.169593844768270330e+00 1.169593844768270330e+00 4.694173302512592016e-01 1.002911758878433091e-02 1.002911758878433091e-02 1.002911758878433091e-02 1.002911758878433091e-02 1.002911758878433091e-02 1.002911758878433091e-02 1.002911758878433091e-02 1.002911758878433091e-02 1.002911758878433091e-02 1.002911758878433091e-02
3.795084325637205325e+00 6.264608784853038514e-01 6.264608784853038514e-01 6.264608784853038514e-01 5.017142439986344016e-02 5.017142439986344016e-02 -3.747341048480734571e-03 -3.747341048480734571e-03 -3.747341048480734571e-03 -3.747341048480734571e-03 -3.747341048480734571e-03 -3.747341048480734571e-03 -3.747341048480734571e-03 -3.747341048480734571e-03 -3.747341048480734571e-03
2.527257080805000555e+00 1.568521612773977836e+00 1.568521612773977836e+00 1.568521612773977836e+00 4.370702332297611292e-01 4.370702332297611292e-01 2.182128808229322203e-03 2.182128808229322203e-03 2.182128808229322203e-03 2.182128808229322203e-03 2.182128808229322203e-03 2.182128808229322203e-03 2.182128808229322203e-03 2.182128808229322203e-03 2.182128808229322203e-03
5.519600478560603207e+00 3.551540350821637659e+00 3.551540350821637659e+00 2.719049623979072905e+00 3.844854980064038585e-01 3.844854980064038585e-01 2.835631426326123972e-02 2.835631426326123972e-02 2.835631426326123972e-02 2.835631426326123972e-02 2.835631426326123972e-02 2.835631426326123972e-02 2.835631426326123972e-02 2.835631426326123972e-02 2.835631426326123972e-02
2.587064035449486710e-01 1.648750669230025778e-01 1.648750669230025778e-01 1.648750669230025778e-01 1.648750669230025778e-01 3.164062508403731044e-03 3.164062508403731044e-03 3.164062508403731044e-03 3.164062508403731044e-03 3.164062508403731044e-03 3.164062508403731044e-03 3.164062508403731044e-03 3.164062508403731044e-03 3.164062508403731044e-03 3.164062508403731044e-03
4.645271745685391807e+00 2.216783823744918891e+00 2.216783823744918891e+00 2.216783823744918891e+00 2.216783823744918891e+00 2.216783823744918891e+00 2.216783823744918891e+00 8.423881520190832362e-01 8.423881520190832362e-01 8.423881520190832362e-01 1.128542708998168109e-01 1.128542708998168109e-01 1.128542708998168109e-01 5.684138078908063108e-02 5.684138078908063108e-02
3.472867171894167271e+00 2.071897875716601334e+00 6.410816272691306494e-01 6.410816272691306494e-01 6.410816272691306494e-01 6.410816272691306494e-01 1.280344315020442991e-02 1.280344315020442991e-02 1.280344315020442991e-02 1.280344315020442991e-02 1.280344315020442991e-02 1.280344315020442991e-02 1.280344315020442991e-02 1.280344315020442991e-02 1.280344315020442991e-02
1.034717347986585878e+00 1.034717347986585878e+00 1.034717347986585878e+00 1.034717347986585878e+00 1.034717347986585878e+00 1.311370241392069147e-01 1.311370241392069147e-01 1.311370241392069147e-01 1.311370241392069147e-01 1.311370241392069147e-01 1.311370241392069147e-01 1.311370241392069147e-01 1.311370241392069147e-01 1.311370241392069147e-01 1.311370241392069147e-01
1.150690712120306713e+00 5.407124713788213910e-02 5.407124713788213910e-02 5.407124713788213910e-02 5.407124713788213910e-02 5.407124713788213910e-02 3.878157380778901597e-04 3.878157380778901597e-04 3.878157380778901597e-04 3.878157380778901597e-04 3.878157380778901597e-04 3.878157380778901597e-04 3.878157380778901597e-04 3.878157380778901597e-04 3.878157380778901597e-04
6.063956796792353998e+00 5.252090512048766868e+00 4.283164674409647432e+00 1.142576016176008125e+00 1.142576016176008125e+00 1.142576016176008125e+00 1.142576016176008125e+00 1.142576016176008125e+00 1.142576016176008125e+00 1.142576016176008125e+00 1.142576016176008125e+00 1.142576016176008125e+00 1.142576016176008125e+00 1.142576016176008125e+00 1.142576016176008125e+00
5.086002285913906462e+00 1.992017972617361465e-01 2.121147513187793265e-02 2.121147513187793265e-02 2.121147513187793265e-02 2.121147513187793265e-02 -2.200680134194499260e-04 -2.200680134194499260e-04 -2.200680134194499260e-04 -2.200680134194499260e-04 -2.200680134194499260e-04 -2.200680134194499260e-04 -2.200680134194499260e-04 -2.200680134194499260e-04 -2.200680134194499260e-04
5.245384791956752224e+00 5.245384791956752224e+00 3.231374023166068810e+00 8.601073086973372028e-01 7.411535517469758361e-02 7.411535517469758361e-02 7.411535517469758361e-02 7.411535517469758361e-02 7.411535517469758361e-02 7.411535517469758361e-02 7.411535517469758361e-02 7.411535517469758361e-02 7.411535517469758361e-02 7.411535517469758361e-02 7.411535517469758361e-02
4.900155079211288012e+00 4.900155079211288012e+00 2.563992627033400140e+00 1.711495967812055596e-01 1.711495967812055596e-01 4.289882150345647460e-02 4.289882150345647460e-02 4.289882150345647460e-02 4.289882150345647460e-02 4.289882150345647460e-02 4.289882150345647460e-02 4.289882150345647460e-02 1.415488961640676280e-03 1.415488961640676280e-03 1.415488961640676280e-03
4.917134077767570943e+00 4.917134077767570943e+00 1.980309857016663955e+00 5.509127873713168810e-01 5.509127873713168810e-01 1.808519104383776721e-02 1.429647041663884011e-02 1.429647041663884011e-02 1.429647041663884011e-02 1.008856098678734270e-03 1.008856098678734270e-03 1.008856098678734270e-03 1.008856098678734270e-03 1.008856098678734270e-03 1.008856098678734270e-03
2.491873692241150628e+00 2.491873692241150628e+00 2.491873692241150628e+00 1.832731480501885279e+00 1.832731480501885279e+00 1.832731480501885279e+00 1.832731480501885279e+00 1.832731480501885279e+00 1.832731480501885279e+00 1.832731480501885279e+00 2.178167329929658891e-01 2.178167329929658891e-01 1.323787873101958112e-01 1.323787873101958112e-01 1.323787873101958112e-01
2.005845242660510230e+00 1.096556626863048223e+00 1.096556626863048223e+00 1.096556626863048223e+00 1.096556626863048223e+00 1.096556626863048223e+00 1.096556626863048223e+00 8.961419324242569928e-02 8.961419324242569928e-02 8.019085674638404271e-02 8.019085674638404271e-02 8.019085674638404271e-02 8.019085674638404271e-02 8.019085674638404271e-02 8.019085674638404271e-02
3.302863570498260515e+00 9.909881227167716133e-02 9.909881227167716133e-02 9.909881227167716133e-02 9.909881227167716133e-02 8.810652727333945222e-03 8.810652727333945222e-03 8.810652727333945222e-03 8.810652727333945222e-03 2.670181337634858210e-03 2.670181337634858210e-03 2.670181337634858210e-03 2.670181337634858210e-03 2.670181337634858210e-03 2.670181337634858210e-03
3.916592814147196400e+00 3.303611712708345749e+00 3.390570795559710859e-01 4.434115997543131016e-02 4.434115997543131016e-02 4.434115997543131016e-02 4.434115997543131016e-02 4.434115997543131016e-02 4.434115997543131016e-02 4.434115997543131016e-02 4.434115997543131016e-02 3.702535396428174863e-04 3.702535396428174863e-04 3.702535396428174863e-04 3.702535396428174863e-04
3.782552167843057589e+00 3.752479451777617214e-01 1.488957828737511591e-01 1.488957828737511591e-01 1.488957828737511591e-01 1.277317820495227352e-03 1.277317820495227352e-03 1.277317820495227352e-03 1.277317820495227352e-03 1.277317820495227352e-03 1.277317820495227352e-03 1.277317820495227352e-03 1.277317820495227352e-03 1.277317820495227352e-03 1.277317820495227352e-03
1.660210868213995994e+00 1.714916673408595216e-01 3.810040434615302729e-03 3.810040434615302729e-03 3.810040434615302729e-03 3.810040434615302729e-03 3.810040434615302729e-03 3.810040434615302729e-03 3.810040434615302729e-03 3.810040434615302729e-03 3.810040434615302729e-03 3.810040434615302729e-03 3.810040434615302729e-03 3.810040434615302729e-03 3.810040434615302729e-03
1.368644734230414883e+00 1.368644734230414883e+00 4.525644953001801696e-01 4.397705871842561010e-01 4.397705871842561010e-01 4.397705871842561010e-01 4.397705871842561010e-01 4.397705871842561010e-01 4.397705871842561010e-01 2.753732387596699027e-01 2.753732387596699027e-01 2.753732387596699027e-01 2.753732387596699027e-01 8.535443795284436419e-02 8.535443795284436419e-02
5.457321281401848800e+00 5.141902380797546357e+00 4.924080835849931503e+00 4.924080835849931503e+00 4.154855508465971070e-01 4.154855508465971070e-01 3.022205114847338336e-01 2.404114447053871118e-01 2.404114447053871118e-01 2.404114447053871118e-01 2.404114447053871118e-01 2.404114447053871118e-01 2.404114447053871118e-01 7.851957915795537701e-02 7.851957915795537701e-02
1.279401191958186246e+00 1.220031981111333153e+00 1.220031981111333153e+00 6.475090229982924939e-01 1.851925657713309192e-01 1.851925657713309192e-01 4.453872219983168179e-03 4.453872219983168179e-03 4.453872219983168179e-03 4.453872219983168179e-03 4.453872219983168179e-03 4.453872219983168179e-03 4.453872219983168179e-03 4.453872219983168179e-03 4.453872219983168179e-03
3.129129034521147545e-01 3.129129034521147545e-01 3.129129034521147545e-01 7.348710537809211019e-02 7.348710537809211019e-02 7.348710537809211019e-02 7.348710537809211019e-02 7.348710537809211019e-02 7.348710537809211019e-02 7.348710537809211019e-02 7.348710537809211019e-02 7.348710537809211019e-02 7.348710537809211019e-02 7.348710537809211019e-02 7.348710537809211019e-02
4.066489432136535243e-01 1.746146245084929660e-01 5.332303569349505779e-02 5.332303569349505779e-02 1.289394031829260712e-04 1.289394031829260712e-04 1.289394031829260712e-04 1.289394031829260712e-04 1.289394031829260712e-04 1.289394031829260712e-04 1.289394031829260712e-04 1.289394031829260712e-04 1.289394031829260712e-04 1.289394031829260712e-04 1.289394031829260712e-04
1.044119092632758594e+00 1.044119092632758594e+00 8.270579459642704023e-01 8.270579459642704023e-01 5.177525087987078223e-01 5.177525087987078223e-01 5.177525087987078223e-01 5.177525087987078223e-01 5.177525087987078223e-01 5.177525087987078223e-01 5.177525087987078223e-01 5.177525087987078223e-01 5.177525087987078223e-01 9.976466301486652810e-02 9.976466301486652810e-02
6.586077135779461855e+00 5.666049832728731417e+00 4.403551456157401844e+00 4.010337618349922195e+00 4.010337618349922195e+00 4.010337618349922195e+00 4.010337618349922195e+00 4.010337618349922195e+00 4.010337618349922195e+00 4.189810776522335800e-01 2.217782661318778992e-03 2.217782661318778992e-03 2.217782661318778992e-03 2.217782661318778992e-03 2.217782661318778992e-03
2.302465639763129346e+00 2.302465639763129346e+00 2.302465639763129346e+00 2.302465639763129346e+00 2.302465639763129346e+00 2.302465639763129346e+00 2.302465639763129346e+00 2.302465639763129346e+00 1.651773334270299820e+00 1.291939333865305350e+00 1.214381581020622214e+00 8.247426389884982001e-02 8.247426389884982001e-02 -2.955120136003408504e-03 -2.955120136003408504e-03
4.947231961164689551e+00 2.030363874825539483e+00 7.957465068674451913e-01 8.189613514720406329e-02 8.189613514720406329e-02 8.189613514720406329e-02 1.112202558853425671e-02 1.112202558853425671e-02 8.072142340154186968e-05 8.072142340154186968e-05 8.072142340154186968e-05 8.072142340154186968e-05 8.072142340154186968e-05 8.072142340154186968e-05 8.072142340154186968e-05
2.800360010862107174e+00 1.324249503089674818e+00 1.324249503089674818e+00 1.324249503089674818e+00 1.324249503089674818e+00 1.324249503089674818e+00 -3.016944023670475872e-04 -3.016944023670475872e-04 -3.016944023670475872e-04 -3.016944023670475872e-04 -3.016944023670475872e-04 -3.016944023670475872e-04 -3.016944023670475872e-04 -3.016944023670475872e-04 -3.016944023670475872e-04
1.107204121042125067e+00 1.835579600851815485e-01 1.835579600851815485e-01 1.510770746261869135e-01 1.510770746261869135e-01 1.510770746261869135e-01 1.510770746261869135e-01 1.162235777655951097e-03 1.162235777655951097e-03 1.162235777655951097e-03 1.162235777655951097e-03 1.162235777655951097e-03 1.162235777655951097e-03 1.162235777655951097e-03 1.162235777655951097e-03
3.669280483524474334e+00 2.301283609672566399e-02 2.301283609672566399e-02 2.301283609672566399e-02 2.301283609672566399e-02 2.301283609672566399e-02 2.301283609672566399e-02 2.301283609672566399e-02 2.301283609672566399e-02 2.301283609672566399e-02 2.301283609672566399e-02 2.301283609672566399e-02 2.301283609672566399e-02 2.301283609672566399e-02 2.301283609672566399e-02
3.573278479341354341e+00 3.573278479341354341e+00 3.015007966506175308e+00 3.015007966506175308e+00 3.015007966506175308e+00 2.063307618206692950e+00 2.063307618206692950e+00 1.922397139861004689e+00 3.825795161788505538e-01 3.217056191488154582e-03 3.217056191488154582e-03 3.217056191488154582e-03 3.217056191488154582e-03 3.217056191488154582e-03 3.217056191488154582e-03
5.889758299787786200e+00 5.889758299787786200e+00 5.889758299787786200e+00 5.794124154450784658e+00 5.794124154450784658e+00 5.794124154450784658e+00 4.585271141825757013e+00 6.758228500931977578e-01 6.758228500931977578e-01 6.758228500931977578e-01 2.537630798149166367e-01 2.119301668989237442e-02 2.119301668989237442e-02 2.119301668989237442e-02 1.964484101790731074e-05
4.672707594707240730e+00 2.341498184660203208e+00 2.341498184660203208e+00 2.341498184660203208e+00 3.575734896607229985e-03 3.575734896607229985e-03 3.575734896607229985e-03 3.575734896607229985e-03 3.575734896607229985e-03 3.575734896607229985e-03 3.575734896607229985e-03 3.575734896607229985e-03 3.575734896607229985e-03 3.575734896607229985e-03 3.575734896607229985e-03
5.212509260192518923e+00 2.579872099490557957e+00 2.579872099490557957e+00 2.178674649110234895e-01 2.162585350038170873e-01 2.162585350038170873e-01 2.162585350038170873e-01 2.162585350038170873e-01 1.946862147576666757e-02 1.946862147576666757e-02 1.946862147576666757e-02 1.946862147576666757e-02 1.946862147576666757e-02 1.946862147576666757e-02 1.946862147576666757e-02
3.008617120426748670e+00 3.008617120426748670e+00 2.731112154110206802e+00 2.027588409095329780e+00 1.052270019004694745e+00 1.052270019004694745e+00 1.052270019004694745e+00 9.762205852668870421e-01 9.762205852668870421e-01 9.762205852668870421e-01 6.990836938937121658e-01 3.957610608481445524e-01 2.388250593702423430e-02 2.388250593702423430e-02 2.388250593702423430e-02
2.991641919341155642e+00 2.991641919341155642e+00 2.991641919341155642e+00 1.080236013219476376e+00 1.080236013219476376e+00 1.080236013219476376e+00 2.773787295706284795e-01 2.773787295706284795e-01 2.415779232897818929e-03 2.415779232897818929e-03 2.415779232897818929e-03 2.415779232897818929e-03 2.415779232897818929e-03 2.415779232897818929e-03 2.415779232897818929e-03
1.836573450740090152e+00 1.836573450740090152e+00 1.221275837930079433e+00 3.569047960791067453e-01 7.224459022836526856e-05 7.224459022836526856e-05 7.224459022836526856e-05 7.224459022836526856e-05 7.224459022836526856e-05 7.224459022836526856e-05 7.224459022836526856e-05 7.224459022836526856e-05 7.224459022836526856e-05 7.224459022836526856e-05 7.224459022836526856e-05
2.304037313323419767e+00 6.398414118258983763e-01 6.398414118258983763e-01 5.692945967695095533e-02 5.692945967695095533e-02 1.732137176418291347e-02 1.732137176418291347e-02 1.732137176418291347e-02 1.732137176418291347e-02 1.732137176418291347e-02 1.732137176418291347e-02 1.732137176418291347e-02 1.732137176418291347e-02 1.732137176418291347e-02 1.732137176418291347e-02
1.730162264675449535e+00 1.699029240546252595e+00 1.699029240546252595e+00 1.766179660019417952e-01 1.766179660019417952e-01 1.766179660019417952e-01 1.766179660019417952e-01 1.766179660019417952e-01 1.766179660019417952e-01 1.766179660019417952e-01 1.766179660019417952e-01 1.766179660019417952e-01 1.766179660019417952e-01 1.766179660019417952e-01 1.766179660019417952e-01
3.953346142212353698e+00 3.312914573608225055e+00 3.312914573608225055e+00 2.873187163351175855e+00 2.873187163351175855e+00 2.196402979150718693e+00 1.717914309293689712e+00 1.535394198982601210e+00 1.471619064338938188e-01 2.645766946889693827e-02 2.645766946889693827e-02 2.645766946889693827e-02 2.645766946889693827e-02 2.645766946889693827e-02 2.645766946889693827e-02
9.677653671836139893e+00 7.717975080455858006e+00 7.717975080455858006e+00 4.406511241391285694e+00 4.406511241391285694e+00 4.406511241391285694e+00 4.406511241391285694e+00 4.406511241391285694e+00 1.750082289456031504e+00 1.750082289456031504e+00 2.087339282718403410e-02 2.087339282718403410e-02 6.097716857681234615e-03 6.097716857681234615e-03 6.097716857681234615e-03
2.151364138162206174e-01 2.151364138162206174e-01 2.151364138162206174e-01 2.151364138162206174e-01 1.270339797919017855e-02 1.270339797919017855e-02 1.270339797919017855e-02 1.270339797919017855e-02 1.270339797919017855e-02 1.270339797919017855e-02 1.270339797919017855e-02 1.270339797919017855e-02 1.270339797919017855e-02 1.270339797919017855e-02 1.270339797919017855e-02
2.557580078163844917e+00 1.594009573756238751e+00 1.594009573756238751e+00 1.594009573756238751e+00 1.594009573756238751e+00 1.462443036663671592e+00 6.800146746302289102e-01 6.800146746302289102e-01 6.010798307784170902e-02 6.010798307784170902e-02 1.612389560727933713e-02 1.612389560727933713e-02 1.612389560727933713e-02 1.612389560727933713e-02 1.612389560727933713e-02
1.706745059720410129e+00 1.335267208781402815e+00 1.335267208781402815e+00 1.335267208781402815e+00 1.004057897970511704e+00 8.102606039140880512e-01 8.102606039140880512e-01 8.102606039140880512e-01 8.102606039140880512e-01 8.102606039140880512e-01 5.464918165731091904e-01 5.041703233925431960e-02 5.041703233925431960e-02 5.041703233925431960e-02 5.041703233925431960e-02
2.309521642364185112e+00 2.309521642364185112e+00 2.309521642364185112e+00 2.309521642364185112e+00 9.044157862436463802e-02 9.044157862436463802e-02 3.232305382141476002e-04 3.232305382141476002e-04 3.232305382141476002e-04 3.232305382141476002e-04 3.232305382141476002e-04 3.232305382141476002e-04 3.232305382141476002e-04 3.232305382141476002e-04 3.232305382141476002e-04
4.223883010832765628e+00 2.878669517310698645e+00 2.878669517310698645e+00 1.941615545008006372e+00 1.941615545008006372e+00 8.015254197686099147e-01 8.015254197686099147e-01 8.015254197686099147e-01 7.415503954818269960e-03 7.415503954818269960e-03 7.415503954818269960e-03 7.415503954818269960e-03 7.415503954818269960e-03 7.415503954818269960e-03 7.415503954818269960e-03
6.516472230471286764e+00 5.968503896430433997e+00 5.968503896430433997e+00 5.968503896430433997e+00 5.968503896430433997e+00 5.968503896430433997e+00 5.968503896430433997e+00 2.296498917404335316e+00 1.659709360809586087e+00 8.434526627571585777e-01 5.861358279696560203e-02 8.651051707602164242e-04 8.651051707602164242e-04 8.651051707602164242e-04 8.651051707602164242e-04
2.382514246127811930e+00 2.382514246127811930e+00 2.382514246127811930e+00 2.382514246127811930e+00 2.382514246127811930e+00 2.382514246127811930e+00 6.457715994664567916e-01 6.457715994664567916e-01 8.343823143758299921e-02 8.343823143758299921e-02 8.343823143758299921e-02 8.343823143758299921e-02 5.111032075086541226e-02 5.111032075086541226e-02 5.111032075086541226e-02
3.029187958874224762e+00 3.029187958874224762e+00 3.029187958874224762e+00 1.116646900104349527e+00 1.116646900104349527e+00 1.116646900104349527e+00 5.515928586739917705e-01 5.515928586739917705e-01 5.515928586739917705e-01 4.525227399442499632e-01 4.525227399442499632e-01 3.339920762734038817e-03 3.339920762734038817e-03 3.339920762734038817e-03 3.339920762734038817e-03
1.329820180240858463e+00 1.329820180240858463e+00 5.568368278176194508e-01 5.568368278176194508e-01 5.568368278176194508e-01 5.568368278176194508e-01 5.568368278176194508e-01 5.568368278176194508e-01 5.509783647197536993e-01 5.509783647197536993e-01 5.509783647197536993e-01 5.509783647197536993e-01 5.509783647197536993e-01 5.509783647197536993e-01 2.037145589141573510e-01
3.076451564941762307e+00 3.076451564941762307e+00 3.076451564941762307e+00 3.076451564941762307e+00 3.076451564941762307e+00 3.076451564941762307e+00 2.249467616822073524e+00 1.512334400769816511e+00 1.512334400769816511e+00 1.512334400769816511e+00 3.129004810481603727e-01 3.129004810481603727e-01 1.361275979781879641e-01 1.361275979781879641e-01 1.361275979781879641e-01
1.540909461206183551e+00 2.237779781836479742e-01 2.237779781836479742e-01 2.237779781836479742e-01 2.237779781836479742e-01 2.237779781836479742e-01 2.237779781836479742e-01 2.237779781836479742e-01 2.237779781836479742e-01 2.237779781836479742e-01 8.993148195440880954e-02 8.993148195440880954e-02 8.993148195440880954e-02 8.993148195440880954e-02 8.993148195440880954e-02
3.695130550161167093e+00 3.695130550161167093e+00 3.628679302975911014e+00 2.204612399030907000e+00 2.204612399030907000e+00 2.184548733980705038e+00 2.184548733980705038e+00 1.566565659944103572e+00 9.449897253076358083e-01 4.143518721299415120e-01 4.143518721299415120e-01 4.143518721299415120e-01 6.105041890350548783e-03 6.105041890350548783e-03 6.105041890350548783e-03
2.908673402513883843e+00 2.908673402513883843e+00 2.544856126702029542e+00 2.544856126702029542e+00 4.383245623262155277e-02 4.383245623262155277e-02 4.383245623262155277e-02 4.383245623262155277e-02 4.383245623262155277e-02 4.383245623262155277e-02 4.383245623262155277e-02 1.609854527941934066e-02 1.609854527941934066e-02 1.609854527941934066e-02 1.609854527941934066e-02
4.026499698302156816e+00 4.026499698302156816e+00 4.026499698302156816e+00 3.320222001706099491e+00 6.299134611013528229e-01 1.758316548926472933e-01 1.758316548926472933e-01 9.524754598129447913e-02 9.524754598129447913e-02 9.524754598129447913e-02 9.524754598129447913e-02 3.105945413665267552e-03 3.105945413665267552e-03 3.105945413665267552e-03 3.105945413665267552e-03
1.491134147536167021e+00 1.491134147536167021e+00 1.066562331273122055e+00 1.066562331273122055e+00 1.066562331273122055e+00 1.066562331273122055e+00 1.066562331273122055e+00 9.005740744036643264e-01 9.005740744036643264e-01 9.005740744036643264e-01 9.005740744036643264e-01 2.992452963302980606e-01 2.992452963302980606e-01 2.992452963302980606e-01 2.992452963302980606e-01
8.013837620620734015e-01 8.013837620620734015e-01 5.505605287231674083e-02 2.991028611654655833e-02 2.991028611654655833e-02 9.564770948600198608e-05 9.564770948600198608e-05 9.564770948600198608e-05 9.564770948600198608e-05 9.564770948600198608e-05 9.564770948600198608e-05 9.564770948600198608e-05 9.564770948600198608e-05 9.564770948600198608e-05 9.564770948600198608e-05
2.544839228793671637e+00 2.132806414375295390e+00 2.132806414375295390e+00 4.432876497809274952e-01 8.277238916753049125e-02 8.277238916753049125e-02 2.666541018004409125e-02 2.666541018004409125e-02 2.666541018004409125e-02 2.666541018004409125e-02 2.666541018004409125e-02 2.666541018004409125e-02 2.666541018004409125e-02 2.666541018004409125e-02 2.666541018004409125e-02
7.811509494144278420e+00 7.811509494144278420e+00 5.936989227938212821e+00 5.011314640325650771e+00 4.599881843114047797e+00 3.566627661815431338e+00 3.566627661815431338e+00 3.566627661815431338e+00 3.566627661815431338e+00 3.566627661815431338e+00 3.566627661815431338e+00 3.566627661815431338e+00 3.232391401998683023e+00 3.232391401998683023e+00 0.000000000000000000e+00
9.206075659045552584e+00 7.401917041902265737e+00 2.269164556861483106e+00 7.208107226156243996e-01 7.208107226156243996e-01 3.993578498193528503e-02 6.563447858525250922e-04 6.563447858525250922e-04 6.563447858525250922e-04 6.563447858525250922e-04 6.563447858525250922e-04 6.563447858525250922e-04 6.563447858525250922e-04 6.563447858525250922e-04 6.563447858525250922e-04
5.171907775320505607e-02 5.171907775320505607e-02 5.171907775320505607e-02 5.171907775320505607e-02 5.171907775320505607e-02 5.171907775320505607e-02 5.171907775320505607e-02 7.326146819650602993e-04 7.326146819650602993e-04 7.326146819650602993e-04 7.326146819650602993e-04 7.326146819650602993e-04 7.326146819650602993e-04 7.326146819650602993e-04 7.326146819650602993e-04
2.683822865038751448e+00 2.683822865038751448e+00 2.683822865038751448e+00 2.683822865038751448e+00 2.683822865038751448e+00 2.683822865038751448e+00 2.683822865038751448e+00 2.683822865038751448e+00 2.023665018547632144e+00 2.023665018547632144e+00 7.379851831798589501e-01 7.379851831798589501e-01 1.332178712191023351e-01 3.580899237132939561e-02 3.580899237132939561e-02
4.040235305397335885e+00 4.040235305397335885e+00 1.778535096172220165e-01 1.778535096172220165e-01 5.617494341655060452e-02 5.617494341655060452e-02 5.617494341655060452e-02 5.617494341655060452e-02 5.617494341655060452e-02 5.617494341655060452e-02 5.617494341655060452e-02 5.617494341655060452e-02 5.617494341655060452e-02 5.207451147299479999e-03 5.207451147299479999e-03
2.709767145299792901e-01 1.402745229664787985e-01 1.402745229664787985e-01 1.402745229664787985e-01 1.402745229664787985e-01 6.833019798614259344e-02 6.833019798614259344e-02 6.833019798614259344e-02 6.833019798614259344e-02 6.833019798614259344e-02 6.833019798614259344e-02 6.833019798614259344e-02 6.833019798614259344e-02 1.296935537357057910e-02 1.296935537357057910e-02
6.651061738995736050e-01 6.651061738995736050e-01 2.004114043302251957e-01 2.004114043302251957e-01 4.228161645914951805e-02 4.228161645914951805e-02 4.228161645914951805e-02 1.048052523401565850e-03 1.048052523401565850e-03 1.048052523401565850e-03 1.048052523401565850e-03 1.048052523401565850e-03 1.048052523401565850e-03 1.048052523401565850e-03 1.048052523401565850e-03
6.587277809640710302e-01 3.222923332651816963e-01 3.222923332651816963e-01 6.764252140487769793e-02 6.764252140487769793e-02 6.764252140487769793e-02 4.344528995943619520e-03 4.344528995943619520e-03 4.344528995943619520e-03 4.344528995943619520e-03 4.344528995943619520e-03 4.344528995943619520e-03 4.344528995943619520e-03 4.344528995943619520e-03 4.344528995943619520e-03
4.213927505356949155e+00 4.213927505356949155e+00 1.939680781029323953e+00 1.939680781029323953e+00 1.939680781029323953e+00 1.939680781029323953e+00 1.232305532699342621e-01 1.947026661906647860e-02 1.947026661906647860e-02 1.947026661906647860e-02 1.947026661906647860e-02 1.947026661906647860e-02 1.947026661906647860e-02 1.947026661906647860e-02 1.947026661906647860e-02
1.948681385999723403e+00 1.881463139417899555e+00 1.145307970418834032e-01 9.994921935863843032e-02 9.994921935863843032e-02 9.994921935863843032e-02 9.994921935863843032e-02 9.994921935863843032e-02 9.994921935863843032e-02 9.994921935863843032e-02 9.994921935863843032e-02 9.994921935863843032e-02 9.994921935863843032e-02 9.994921935863843032e-02 9.994921935863843032e-02
1.054207668126306174e+00 1.054207668126306174e+00 7.013642345921482502e-01 7.013642345921482502e-01 7.013642345921482502e-01 7.013642345921482502e-01 7.013642345921482502e-01 7.013642345921482502e-01 7.013642345921482502e-01 7.013642345921482502e-01 7.013642345921482502e-01 1.841608030524071182e-01 1.841608030524071182e-01 1.841608030524071182e-01 2.070861744712715335e-03
4.587086865236881472e+00 2.648241569335709755e+00 2.794662444518962729e-01 4.947945703247569327e-02 4.947945703247569327e-02 4.947945703247569327e-02 4.947945703247569327e-02 4.947945703247569327e-02 4.947945703247569327e-02 4.947945703247569327e-02 4.947945703247569327e-02 4.947945703247569327e-02 4.947945703247569327e-02 4.947945703247569327e-02 4.947945703247569327e-02
2.603161290077945722e+00 2.603161290077945722e+00 4.724618694382991535e-01 4.724618694382991535e-01 4.724618694382991535e-01 4.724618694382991535e-01 1.589414020581898512e-01 8.282684661571693141e-02 8.282684661571693141e-02 8.282684661571693141e-02 8.282684661571693141e-02 8.282684661571693141e-02 8.282684661571693141e-02 8.282684661571693141e-02 8.282684661571693141e-02
6.497242821519193967e+00 6.298759916310956442e-01 5.646107736433236823e-02 5.646107736433236823e-02 2.471814213578227282e-02 3.493700658964371542e-03 3.493700658964371542e-03 3.493700658964371542e-03 3.493700658964371542e-03 3.493700658964371542e-03 3.493700658964371542e-03 3.493700658964371542e-03 3.493700658964371542e-03 3.493700658964371542e-03 3.493700658964371542e-03
2.615118288459774121e+00 2.615118288459774121e+00 2.615118288459774121e+00 2.615118288459774121e+00 1.953942585971020662e+00 6.507180178639089263e-01 6.507180178639089263e-01 6.507180178639089263e-01 6.507180178639089263e-01 6.507180178639089263e-01 6.507180178639089263e-01 6.507180178639089263e-01 6.507180178639089263e-01 6.506256426457355246e-01 6.506256426457355246e-01
3.097594300038531756e+00 1.047500185926480754e+00 1.047500185926480754e+00 1.047500185926480754e+00 1.047500185926480754e+00 3.344324439402726057e-01 3.344324439402726057e-01 4.679205819138587685e-02 4.679205819138587685e-02 4.679205819138587685e-02 4.679205819138587685e-02 4.679205819138587685e-02 4.679205819138587685e-02 4.679205819138587685e-02 4.679205819138587685e-02
2.788307056463708022e-01 2.544248274771092611e-01 2.544248274771092611e-01 1.029194082279971667e-03 1.029194082279971667e-03 1.029194082279971667e-03 1.029194082279971667e-03 1.029194082279971667e-03 1.029194082279971667e-03 1.029194082279971667e-03 1.029194082279971667e-03 1.029194082279971667e-03 1.029194082279971667e-03 1.029194082279971667e-03 1.029194082279971667e-03
3.276093167066342460e+00 2.480957257775457947e+00 1.288571639601286734e+00 2.139377275484548591e-01 1.412789039561630489e-01 5.029262689095048700e-02 7.507363129661825951e-04 7.507363129661825951e-04 7.507363129661825951e-04 7.507363129661825951e-04 7.507363129661825951e-04 7.507363129661825951e-04 7.507363129661825951e-04 7.507363129661825951e-04 7.507363129661825951e-04
2.046002904666375244e+00 2.046002904666375244e+00 4.263529362457205707e-01 4.263529362457205707e-01 1.377771367712554706e-01 1.377771367712554706e-01 1.377771367712554706e-01 1.377771367712554706e-01 1.377771367712554706e-01 1.377771367712554706e-01 1.377771367712554706e-01 1.377771367712554706e-01 8.599832560665632286e-02 8.599832560665632286e-02 8.599832560665632286e-02
4.068157440896637667e+00 3.478777664674101544e+00 2.519602668112657540e+00 2.519602668112657540e+00 2.519602668112657540e+00 1.709861680429742847e+00 1.709861680429742847e+00 2.785737994315589106e-01 1.664054637406486847e-01 1.664054637406486847e-01 1.664054637406486847e-01 1.664054637406486847e-01 6.922095703021824420e-03 6.922095703021824420e-03 6.922095703021824420e-03
4.973496408393316415e-01 5.282342820407848194e-03 5.282342820407848194e-03 5.282342820407848194e-03 5.282342820407848194e-03 5.282342820407848194e-03 5.282342820407848194e-03 5.282342820407848194e-03 5.282342820407848194e-03 5.282342820407848194e-03 5.282342820407848194e-03 5.282342820407848194e-03 5.282342820407848194e-03 5.282342820407848194e-03 5.282342820407848194e-03
9.899748815711717498e-01 9.899748815711717498e-01 7.665365373001975513e-02 7.665365373001975513e-02 7.665365373001975513e-02 9.486785741515291193e-03 9.486785741515291193e-03 9.486785741515291193e-03 9.486785741515291193e-03 9.486785741515291193e-03 9.486785741515291193e-03 9.486785741515291193e-03 9.486785741515291193e-03 9.486785741515291193e-03 9.486785741515291193e-03
3.755625409116664315e+00 3.755625409116664315e+00 3.755625409116664315e+00 2.904739532482608411e+00 2.904739532482608411e+00 2.904739532482608411e+00 1.541223885516728842e+00 1.541223885516728842e+00 1.541223885516728842e+00 1.352355607951551519e+00 4.962358274754024023e-01 4.962358274754024023e-01 4.962358274754024023e-01 4.962358274754024023e-01 1.206738534460782830e-02
2.697442656894850188e+00 2.012889419058410567e+00 2.012889419058410567e+00 2.012889419058410567e+00 2.103306014278132352e-01 2.103306014278132352e-01 1.740537047221550893e-01 3.800382873123453464e-03 3.800382873123453464e-03 3.800382873123453464e-03 3.800382873123453464e-03 3.800382873123453464e-03 3.800382873123453464e-03 3.800382873123453464e-03 3.800382873123453464e-03
7.706795848702086005e-01 3.276071447002522063e-01 3.276071447002522063e-01 1.255062153600761121e-01 1.255062153600761121e-01 1.255062153600761121e-01 1.255062153600761121e-01 1.255062153600761121e-01 6.178274360584623537e-02 6.178274360584623537e-02 6.178274360584623537e-02 6.178274360584623537e-02 6.178274360584623537e-02 6.178274360584623537e-02 6.178274360584623537e-02
1.881121787833556880e+00 4.012659264683406946e-01 4.012659264683406946e-01 6.325903449442193960e-02 1.270644473288484733e-02 1.270644473288484733e-02 1.270644473288484733e-02 1.270644473288484733e-02 1.270644473288484733e-02 1.270644473288484733e-02 1.270644473288484733e-02 1.270644473288484733e-02 1.270644473288484733e-02 1.270644473288484733e-02 1.270644473288484733e-02
4.836941754544996641e-01 4.320775800317591120e-01 1.066394414145577230e-02 1.066394414145577230e-02 1.066394414145577230e-02 1.066394414145577230e-02 1.066394414145577230e-02 1.066394414145577230e-02 1.066394414145577230e-02 1.066394414145577230e-02 1.066394414145577230e-02 1.066394414145577230e-02 1.066394414145577230e-02 1.066394414145577230e-02 1.066394414145577230e-02
5.035252170098203806e+00 2.555958293580943064e+00 2.555958293580943064e+00 1.462328318431104890e+00 1.462328318431104890e+00 3.130745537005026335e-01 3.130745537005026335e-01 3.130745537005026335e-01 3.130745537005026335e-01 2.144405237203272918e-01 2.144405237203272918e-01 2.144405237203272918e-01 3.561651065888327139e-02 3.561651065888327139e-02 3.561651065888327139e-02
1.796078404272201112e+00 1.796078404272201112e+00 1.796078404272201112e+00 1.796078404272201112e+00 1.796078404272201112e+00 1.796078404272201112e+00 1.796078404272201112e+00 1.064551509331749912e+00 1.064551509331749912e+00 1.064551509331749912e+00 1.064551509331749912e+00 1.064551509331749912e+00 1.064551509331749912e+00 1.064551509331749912e+00 1.064551509331749912e+00
4.820027486142826945e+00 2.151085966343508460e+00 2.151085966343508460e+00 2.151085966343508460e+00 9.669683732369804829e-01 2.251165561662560322e-02 2.251165561662560322e-02 2.251165561662560322e-02 2.251165561662560322e-02 2.251165561662560322e-02 2.251165561662560322e-02 2.251165561662560322e-02 2.251165561662560322e-02 2.251165561662560322e-02 2.251165561662560322e-02
1.912128815562242679e+00 1.912128815562242679e+00 1.912128815562242679e+00 1.912128815562242679e+00 1.494002544972772739e+00 1.290569117673840083e+00 1.290569117673840083e+00 1.290569117673840083e+00 7.133373377046154928e-01 7.133373377046154928e-01 7.133373377046154928e-01 7.133373377046154928e-01 7.133373377046154928e-01 7.133373377046154928e-01 7.133373377046154928e-01
2.432586461810106293e+00 9.963126743675729813e-01 9.963126743675729813e-01 9.963126743675729813e-01 9.963126743675729813e-01 9.963126743675729813e-01 9.963126743675729813e-01 9.963126743675729813e-01 9.963126743675729813e-01 6.764314357404401790e-01 6.764314357404401790e-01 6.764314357404401790e-01 6.764314357404401790e-01 6.764314357404401790e-01 1.758937069508732520e-01
4.794411872375738071e+00 4.794411872375738071e+00 4.794411872375738071e+00 5.532747856945263720e-01 5.532747856945263720e-01 5.532747856945263720e-01 5.532747856945263720e-01 5.532747856945263720e-01 5.532747856945263720e-01 5.532747856945263720e-01 5.532747856945263720e-01 3.784678996717332211e-01 1.125345623839280051e-02 1.125345623839280051e-02 1.125345623839280051e-02
