6.433710709678755357e+00 8.066383375017380786e-01 8.066383375017380786e-01 8.066383375017380786e-01 7.373756100541584146e-02 7.373756100541584146e-02 7.373756100541584146e-02 7.373756100541584146e-02 7.373756100541584146e-02 7.373756100541584146e-02 7.373756100541584146e-02 7.373756100541584146e-02 7.373756100541584146e-02 7.373756100541584146e-02 1.130383566447790145e-04
1.647834191717503671e+00 1.647834191717503671e+00 1.647834191717503671e+00 1.647834191717503671e+00 1.647834191717503671e+00 1.647834191717503671e+00 2.063621546779472737e-01 1.511027778849438619e-01 2.067949566438187503e-02 2.067949566438187503e-02 2.067949566438187503e-02 1.718911016681090587e-03 1.718911016681090587e-03 1.718911016681090587e-03 1.718911016681090587e-03
3.447014429633093791e+00 3.447014429633093791e+00 3.447014429633093791e+00 3.343120503748302497e+00 1.486902852951203613e+00 1.486902852951203613e+00 1.486902852951203613e+00 3.090841734714899758e-01 3.090841734714899758e-01 2.162364357629655842e-01 2.162364357629655842e-01 7.046318424835362748e-02 7.046318424835362748e-02 3.026630559077148064e-03 3.026630559077148064e-03
1.932146143309240838e+00 1.932146143309240838e+00 1.932146143309240838e+00 1.932146143309240838e+00 1.794184513307094164e+00 1.794184513307094164e+00 1.675965521920481649e+00 1.675965521920481649e+00 1.675965521920481649e+00 1.675965521920481649e+00 3.465849382626728925e-01 3.465849382626728925e-01 3.465849382626728925e-01 3.465849382626728925e-01 4.391065401049232264e-02
1.091624029513695859e-01 1.091624029513695859e-01 8.808032380102304160e-03 8.808032380102304160e-03 8.808032380102304160e-03 8.808032380102304160e-03 8.808032380102304160e-03 8.808032380102304160e-03 8.808032380102304160e-03 8.808032380102304160e-03 8.808032380102304160e-03 8.808032380102304160e-03 1.660299079276228440e-03 1.660299079276228440e-03 1.660299079276228440e-03
2.046766475371327942e+00 2.046766475371327942e+00 2.046766475371327942e+00 1.895938554454517089e+00 1.895938554454517089e+00 1.895938554454517089e+00 1.895938554454517089e+00 1.895938554454517089e+00 1.895938554454517089e+00 9.661369248192954728e-01 9.661369248192954728e-01 9.661369248192954728e-01 9.661369248192954728e-01 9.661369248192954728e-01 9.661369248192954728e-01
3.682421884252960353e+00 3.682421884252960353e+00 3.396742169646358889e+00 3.017254726620421934e+00 2.551571927469922230e-01 6.500333748022057989e-02 5.761239072944590589e-02 5.761239072944590589e-02 5.761239072944590589e-02 1.002579290116045740e-03 1.002579290116045740e-03 1.002579290116045740e-03 1.002579290116045740e-03 1.002579290116045740e-03 1.002579290116045740e-03
3.396286892879082586e+00 3.396286892879082586e+00 7.348893378700278589e-01 7.348893378700278589e-01 7.348893378700278589e-01 5.649331159101045330e-02 2.363816062667112305e-03 2.363816062667112305e-03 2.363816062667112305e-03 2.363816062667112305e-03 2.363816062667112305e-03 2.363816062667112305e-03 2.363816062667112305e-03 2.363816062667112305e-03 2.363816062667112305e-03
3.795084325637205325e+00 3.351557870804626305e+00 3.351557870804626305e+00 2.099067812911609821e+00 2.099067812911609821e+00 2.099067812911609821e+00 2.099067812911609821e+00 2.099067812911609821e+00 5.293821042002377908e-03 5.293821042002377908e-03 5.293821042002377908e-03 5.293821042002377908e-03 5.293821042002377908e-03 5.293821042002377908e-03 5.293821042002377908e-03
2.527257080805000555e+00 1.407298124912884418e+00 1.407298124912884418e+00 5.457846120284415292e-01 5.457846120284415292e-01 1.666830652098383325e-03 1.666830652098383325e-03 -4.345050200953437525e-04 -4.345050200953437525e-04 -4.345050200953437525e-04 -4.345050200953437525e-04 -4.345050200953437525e-04 -4.345050200953437525e-04 -4.345050200953437525e-04 -4.345050200953437525e-04
5.519600478560603207e+00 5.519600478560603207e+00 2.584360035525618216e+00 2.584360035525618216e+00 3.599587878538610397e-01 1.183716417167186563e-01 1.954210005311374232e-02 1.954210005311374232e-02 1.954210005311374232e-02 2.528840802339615834e-03 2.528840802339615834e-03 2.528840802339615834e-03 2.528840802339615834e-03 2.528840802339615834e-03 2.528840802339615834e-03
2.587064035449486710e-01 9.006807278808537376e-02 9.006807278808537376e-02 9.006807278808537376e-02 9.006807278808537376e-02 -2.700520855114518781e-05 -2.700520855114518781e-05 -2.700520855114518781e-05 -2.700520855114518781e-05 -2.700520855114518781e-05 -2.700520855114518781e-05 -2.700520855114518781e-05 -2.700520855114518781e-05 -2.700520855114518781e-05 -2.700520855114518781e-05
4.645271745685391807e+00 4.309529260453956567e+00 4.309529260453956567e+00 2.490799836530243283e+00 2.490799836530243283e+00 2.490799836530243283e+00 2.490799836530243283e+00 1.056548916511417247e-01 1.056548916511417247e-01 1.056548916511417247e-01 1.056548916511417247e-01 9.479708227416949740e-03 9.479708227416949740e-03 9.479708227416949740e-03 9.479708227416949740e-03
3.472867171894167271e+00 2.199319678605448303e+00 2.493271215156624976e-01 2.493271215156624976e-01 2.493271215156624976e-01 2.493271215156624976e-01 2.493271215156624976e-01 2.493271215156624976e-01 2.493271215156624976e-01 2.493271215156624976e-01 2.493271215156624976e-01 2.493271215156624976e-01 2.493271215156624976e-01 2.493271215156624976e-01 2.493271215156624976e-01
1.034717347986585878e+00 1.034717347986585878e+00 1.034717347986585878e+00 1.034717347986585878e+00 1.034717347986585878e+00 1.034717347986585878e+00 1.034717347986585878e+00 1.034717347986585878e+00 1.034717347986585878e+00 1.034717347986585878e+00 3.396008564257897433e-01 3.396008564257897433e-01 3.396008564257897433e-01 3.396008564257897433e-01 3.396008564257897433e-01
1.150690712120306713e+00 1.802880284016747936e-01 6.785700612858924785e-02 6.785700612858924785e-02 6.785700612858924785e-02 6.785700612858924785e-02 6.785700612858924785e-02 6.785700612858924785e-02 6.785700612858924785e-02 6.785700612858924785e-02 6.785700612858924785e-02 6.785700612858924785e-02 6.785700612858924785e-02 6.785700612858924785e-02 6.785700612858924785e-02
6.063956796792353998e+00 4.993802480158024082e+00 3.673248211458059131e+00 1.193012325473290502e+00 1.193012325473290502e+00 8.723346562056235598e-01 8.723346562056235598e-01 8.723346562056235598e-01 8.723346562056235598e-01 8.723346562056235598e-01 8.723346562056235598e-01 8.723346562056235598e-01 8.723346562056235598e-01 8.723346562056235598e-01 8.723346562056235598e-01
5.086002285913906462e+00 1.626647290684459790e+00 1.626647290684459790e+00 1.983010547328944995e-02 -3.707862694852792629e-04 -3.707862694852792629e-04 -3.707862694852792629e-04 -3.707862694852792629e-04 -3.754393960946345032e-04 -3.754393960946345032e-04 -3.754393960946345032e-04 -3.754393960946345032e-04 -3.754393960946345032e-04 -3.754393960946345032e-04 -3.754393960946345032e-04
5.245384791956752224e+00 5.245384791956752224e+00 2.326847760861454617e+00 2.326847760861454617e+00 2.326847760861454617e+00 2.326847760861454617e+00 2.326847760861454617e+00 1.085214339596888067e+00 1.085214339596888067e+00 2.604706684212487744e-02 -1.136195625690561428e-03 -1.136195625690561428e-03 -1.136195625690561428e-03 -1.136195625690561428e-03 -1.136195625690561428e-03
4.900155079211288012e+00 4.900155079211288012e+00 4.900155079211288012e+00 1.564433958680098158e+00 1.564433958680098158e+00 1.542752563090203921e-01 1.682233649054865054e-02 1.682233649054865054e-02 1.682233649054865054e-02 1.682233649054865054e-02 1.682233649054865054e-02 1.682233649054865054e-02 -1.568398138829252275e-05 -1.568398138829252275e-05 -1.568398138829252275e-05
4.917134077767570943e+00 4.917134077767570943e+00 1.709059459582249474e+00 1.709059459582249474e+00 3.138217601529049716e-01 1.655103340385721822e-02 1.655103340385721822e-02 1.655103340385721822e-02 1.655103340385721822e-02 1.655103340385721822e-02 1.655103340385721822e-02 1.655103340385721822e-02 1.655103340385721822e-02 1.655103340385721822e-02 1.655103340385721822e-02
2.491873692241150628e+00 2.105447880860944032e+00 2.105447880860944032e+00 2.105447880860944032e+00 2.105447880860944032e+00 2.105447880860944032e+00 2.105447880860944032e+00 2.105447880860944032e+00 6.340385288178334022e-01 1.396561106825595644e-01 1.396561106825595644e-01 1.396561106825595644e-01 1.396561106825595644e-01 1.396561106825595644e-01 1.396561106825595644e-01
2.005845242660510230e+00 2.005845242660510230e+00 7.789735875506949014e-01 7.789735875506949014e-01 7.789735875506949014e-01 7.789735875506949014e-01 7.789735875506949014e-01 7.789735875506949014e-01 7.720574673442115454e-04 7.720574673442115454e-04 7.720574673442115454e-04 7.720574673442115454e-04 -1.293963468242509407e-03 -1.293963468242509407e-03 -1.293963468242509407e-03
3.302863570498260515e+00 1.915932458804945782e+00 1.915932458804945782e+00 1.915932458804945782e+00 1.915932458804945782e+00 1.915932458804945782e+00 1.915932458804945782e+00 1.915932458804945782e+00 1.915932458804945782e+00 5.590161212217026332e-02 5.590161212217026332e-02 5.590161212217026332e-02 5.590161212217026332e-02 5.590161212217026332e-02 5.590161212217026332e-02
3.916592814147196400e+00 3.916592814147196400e+00 3.916592814147196400e+00 3.916592814147196400e+00 3.916592814147196400e+00 7.308172403981529897e-01 7.308172403981529897e-01 9.928242853618485242e-03 9.928242853618485242e-03 8.249802692546381877e-03 8.249802692546381877e-03 8.249802692546381877e-03 8.249802692546381877e-03 8.249802692546381877e-03 8.249802692546381877e-03
3.782552167843057589e+00 6.776174449623795226e-01 6.776174449623795226e-01 6.776174449623795226e-01 2.808835012729105074e-03 2.808835012729105074e-03 2.808835012729105074e-03 2.808835012729105074e-03 2.808835012729105074e-03 2.808835012729105074e-03 2.808835012729105074e-03 2.808835012729105074e-03 2.808835012729105074e-03 2.808835012729105074e-03 2.808835012729105074e-03
1.660210868213995994e+00 5.405435812141945462e-02 5.990768699092541283e-03 1.536179563089490330e-03 8.725414255081886949e-04 8.725414255081886949e-04 8.725414255081886949e-04 8.725414255081886949e-04 8.725414255081886949e-04 8.725414255081886949e-04 8.725414255081886949e-04 8.725414255081886949e-04 8.725414255081886949e-04 8.725414255081886949e-04 8.725414255081886949e-04
1.368644734230414883e+00 1.368644734230414883e+00 5.287832625907356032e-01 5.287832625907356032e-01 5.287832625907356032e-01 5.287832625907356032e-01 5.287832625907356032e-01 4.501649646521030945e-01 4.501649646521030945e-01 4.501649646521030945e-01 3.044351022793989614e-04 3.044351022793989614e-04 3.044351022793989614e-04 3.044351022793989614e-04 3.044351022793989614e-04
5.457321281401848800e+00 5.141902380797546357e+00 4.924080835849931503e+00 4.924080835849931503e+00 6.891799005907159881e-01 5.789330471263838263e-01 3.056493433233526957e-01 3.056493433233526957e-01 3.056493433233526957e-01 3.056493433233526957e-01 3.056493433233526957e-01 3.056493433233526957e-01 3.056493433233526957e-01 3.056493433233526957e-01 3.056493433233526957e-01
1.279401191958186246e+00 1.279401191958186246e+00 1.279401191958186246e+00 2.400156723821282867e-01 8.987029978118243889e-02 8.987029978118243889e-02 8.975659093266585842e-04 8.975659093266585842e-04 8.975659093266585842e-04 8.975659093266585842e-04 8.975659093266585842e-04 8.975659093266585842e-04 8.975659093266585842e-04 8.975659093266585842e-04 -7.832957180653465912e-07
3.129129034521147545e-01 3.129129034521147545e-01 3.129129034521147545e-01 2.550031701940724815e-02 2.550031701940724815e-02 2.550031701940724815e-02 2.550031701940724815e-02 2.550031701940724815e-02 2.550031701940724815e-02 2.550031701940724815e-02 2.550031701940724815e-02 2.550031701940724815e-02 2.550031701940724815e-02 2.550031701940724815e-02 2.550031701940724815e-02
4.066489432136535243e-01 1.703920902444053809e-01 4.934462982421905508e-02 1.558778444419317566e-03 2.031111278171238155e-04 2.031111278171238155e-04 2.031111278171238155e-04 2.031111278171238155e-04 2.031111278171238155e-04 2.031111278171238155e-04 2.031111278171238155e-04 2.031111278171238155e-04 2.031111278171238155e-04 2.031111278171238155e-04 2.031111278171238155e-04
1.044119092632758594e+00 1.044119092632758594e+00 9.574930566610646565e-01 9.574930566610646565e-01 9.574930566610646565e-01 5.884011261612158705e-01 5.884011261612158705e-01 5.884011261612158705e-01 5.884011261612158705e-01 5.884011261612158705e-01 5.884011261612158705e-01 5.884011261612158705e-01 5.884011261612158705e-01 5.884011261612158705e-01 3.734274499278740223e-01
6.586077135779461855e+00 6.421622121908058034e+00 6.421622121908058034e+00 5.360985625478861039e+00 2.176559384728307123e+00 2.176559384728307123e+00 3.948505262974322250e-02 3.948505262974322250e-02 -1.528015528037940385e-03 -1.528015528037940385e-03 -1.528015528037940385e-03 -1.528015528037940385e-03 -1.528015528037940385e-03 -1.528015528037940385e-03 -1.554443657141746371e-03
2.302465639763129346e+00 2.302465639763129346e+00 2.302465639763129346e+00 2.302465639763129346e+00 2.302465639763129346e+00 2.302465639763129346e+00 2.302465639763129346e+00 1.563390943955217161e+00 1.563390943955217161e+00 1.563390943955217161e+00 1.563390943955217161e+00 1.563390943955217161e+00 1.563390943955217161e+00 1.563390943955217161e+00 1.563390943955217161e+00
4.947231961164689551e+00 8.736414546377915258e-01 8.554326140837531511e-02 8.554326140837531511e-02 1.300151826910678210e-05 1.300151826910678210e-05 1.300151826910678210e-05 1.300151826910678210e-05 1.300151826910678210e-05 1.300151826910678210e-05 1.300151826910678210e-05 1.300151826910678210e-05 1.300151826910678210e-05 1.300151826910678210e-05 1.300151826910678210e-05
2.800360010862107174e+00 2.800360010862107174e+00 2.800360010862107174e+00 2.368978147062364314e+00 2.368978147062364314e+00 2.368978147062364314e+00 2.368978147062364314e+00 2.368978147062364314e+00 2.368978147062364314e+00 2.368978147062364314e+00 2.368978147062364314e+00 2.368978147062364314e+00 2.368978147062364314e+00 2.368978147062364314e+00 2.368978147062364314e+00
1.107204121042125067e+00 7.828504124881874304e-02 5.434957224963454792e-02 1.042932487530379149e-02 1.042932487530379149e-02 1.042932487530379149e-02 1.042932487530379149e-02 1.042932487530379149e-02 1.042932487530379149e-02 1.042932487530379149e-02 1.042932487530379149e-02 1.042932487530379149e-02 1.042932487530379149e-02 1.042932487530379149e-02 1.042932487530379149e-02
3.669280483524474334e+00 8.584537338643514204e-01 8.584537338643514204e-01 8.584537338643514204e-01 8.584537338643514204e-01 8.584537338643514204e-01 8.584537338643514204e-01 8.584537338643514204e-01 8.584537338643514204e-01 8.584537338643514204e-01 8.584537338643514204e-01 8.584537338643514204e-01 1.846665582861817256e-02 1.846665582861817256e-02 1.846665582861817256e-02
3.573278479341354341e+00 3.573278479341354341e+00 3.573278479341354341e+00 3.573278479341354341e+00 3.573278479341354341e+00 3.573278479341354341e+00 3.573278479341354341e+00 1.922397139861004689e+00 3.613983970143408442e-02 3.613983970143408442e-02 -2.851349589150231623e-05 -2.851349589150231623e-05 -2.851349589150231623e-05 -2.866578464022495609e-05 -2.866578464022495609e-05
5.889758299787786200e+00 5.889758299787786200e+00 5.889758299787786200e+00 5.889758299787786200e+00 5.889758299787786200e+00 6.606973649755332190e-01 6.606973649755332190e-01 6.606973649755332190e-01 6.606973649755332190e-01 6.606973649755332190e-01 2.547822690996781603e-02 2.547822690996781603e-02 2.547822690996781603e-02 2.547822690996781603e-02 2.547822690996781603e-02
4.672707594707240730e+00 7.926881585414236042e-02 7.926881585414236042e-02 7.154360346603994003e-04 7.154360346603994003e-04 4.254501103915231397e-04 4.254501103915231397e-04 4.254501103915231397e-04 4.254501103915231397e-04 4.254501103915231397e-04 4.254501103915231397e-04 4.254501103915231397e-04 4.254501103915231397e-04 -1.850191252827926292e-05 -1.850191252827926292e-05
5.212509260192518923e+00 5.212509260192518923e+00 5.212509260192518923e+00 8.636594655010867427e-01 8.636594655010867427e-01 8.636594655010867427e-01 8.636594655010867427e-01 8.636594655010867427e-01 8.636594655010867427e-01 8.636594655010867427e-01 8.636594655010867427e-01 8.636594655010867427e-01 4.550239628472354525e-01 4.550239628472354525e-01 2.132465767544999835e-03
3.008617120426748670e+00 3.008617120426748670e+00 1.770699873895239307e+00 1.001381030167578956e+00 1.001381030167578956e+00 1.001381030167578956e+00 1.001381030167578956e+00 1.001381030167578956e+00 1.001381030167578956e+00 1.001381030167578956e+00 9.300619342386085009e-02 9.300619342386085009e-02 9.300619342386085009e-02 1.718698611853142211e-03 1.718698611853142211e-03
2.991641919341155642e+00 2.991641919341155642e+00 1.155502566491975358e+00 1.155502566491975358e+00 1.155502566491975358e+00 6.392928324575315457e-01 6.392928324575315457e-01 6.392928324575315457e-01 6.392928324575315457e-01 6.392928324575315457e-01 4.468655475623251050e-02 9.019967677446061316e-04 9.019967677446061316e-04 9.019967677446061316e-04 9.019967677446061316e-04
1.836573450740090152e+00 1.836573450740090152e+00 1.836573450740090152e+00 2.249082073421959649e-01 2.266998594132019207e-02 2.266998594132019207e-02 2.266998594132019207e-02 2.266998594132019207e-02 4.812807204871205613e-03 4.812807204871205613e-03 4.812807204871205613e-03 4.812807204871205613e-03 4.812807204871205613e-03 4.812807204871205613e-03 4.812807204871205613e-03
2.304037313323419767e+00 4.259755003674854379e-01 4.259755003674854379e-01 4.259755003674854379e-01 2.322979480089770732e-02 2.322979480089770732e-02 4.116330409715374117e-03 4.116330409715374117e-03 4.116330409715374117e-03 4.116330409715374117e-03 4.116330409715374117e-03 1.062840908616635716e-04 1.062840908616635716e-04 1.062840908616635716e-04 1.062840908616635716e-04
1.730162264675449535e+00 5.460448874064525171e-01 5.460448874064525171e-01 5.460448874064525171e-01 1.115721653107186739e-01 1.115721653107186739e-01 1.115721653107186739e-01 1.115721653107186739e-01 1.115721653107186739e-01 1.115721653107186739e-01 1.115721653107186739e-01 1.115721653107186739e-01 1.115721653107186739e-01 1.115721653107186739e-01 1.115721653107186739e-01
3.953346142212353698e+00 2.656618012206109825e+00 2.656618012206109825e+00 2.656618012206109825e+00 1.351761448878903593e+00 1.351761448878903593e+00 1.351761448878903593e+00 5.462241267630361108e-01 5.462241267630361108e-01 1.163765259764204529e-02 -9.113096359669725643e-05 -9.411737875097969663e-05 -1.121603499427692441e-04 -1.121603499427692441e-04 -1.121603499427692441e-04
9.677653671836139893e+00 7.428594887061876761e+00 7.428594887061876761e+00 6.183308149936380005e+00 5.599241520120074256e+00 2.597930755414324722e+00 2.597930755414324722e+00 5.977972512027918128e-05 5.977972512027918128e-05 5.977972512027918128e-05 5.977972512027918128e-05 5.977972512027918128e-05 5.977972512027918128e-05 5.977972512027918128e-05 5.977972512027918128e-05
2.151364138162206174e-01 2.151364138162206174e-01 2.151364138162206174e-01 6.300151545247967277e-02 1.627459718896329122e-02 1.627459718896329122e-02 4.947008268016972465e-04 4.947008268016972465e-04 4.947008268016972465e-04 4.947008268016972465e-04 4.947008268016972465e-04 4.947008268016972465e-04 4.947008268016972465e-04 4.947008268016972465e-04 4.947008268016972465e-04
2.557580078163844917e+00 2.557580078163844917e+00 2.557580078163844917e+00 4.957822095859683031e-01 4.957822095859683031e-01 4.957822095859683031e-01 1.226773223447708006e-02 -8.205816334339033347e-05 -8.205816334339033347e-05 -8.205816334339033347e-05 -8.205816334339033347e-05 -8.205816334339033347e-05 -8.205816334339033347e-05 -8.205816334339033347e-05 -8.205816334339033347e-05
1.706745059720410129e+00 1.524744165953364927e+00 1.419947273985599168e+00 1.419947273985599168e+00 1.243242258460981020e+00 1.243242258460981020e+00 1.243242258460981020e+00 9.040458952233905165e-01 6.886507899895377705e-02 6.886507899895377705e-02 6.886507899895377705e-02 6.886507899895377705e-02 1.632258795440577614e-02 1.632258795440577614e-02 1.632258795440577614e-02
2.309521642364185112e+00 2.309521642364185112e+00 2.882246938521149104e-02 2.882246938521149104e-02 2.882246938521149104e-02 2.882246938521149104e-02 2.882246938521149104e-02 2.882246938521149104e-02 3.720110269966880878e-05 3.720110269966880878e-05 3.720110269966880878e-05 3.720110269966880878e-05 3.720110269966880878e-05 3.720110269966880878e-05 3.720110269966880878e-05
4.223883010832765628e+00 4.223883010832765628e+00 2.013306219675627950e+00 5.312856894235489236e-01 5.312856894235489236e-01 5.312856894235489236e-01 -6.553969343334742348e-04 -6.553969343334742348e-04 -6.553969343334742348e-04 -6.553969343334742348e-04 -6.553969343334742348e-04 -6.553969343334742348e-04 -6.553969343334742348e-04 -6.553969343334742348e-04 -6.553969343334742348e-04
6.516472230471286764e+00 6.516472230471286764e+00 6.516472230471286764e+00 6.516472230471286764e+00 6.516472230471286764e+00 6.516472230471286764e+00 4.486479493053820988e-01 4.486479493053820988e-01 4.486479493053820988e-01 4.486479493053820988e-01 4.486479493053820988e-01 4.486479493053820988e-01 4.486479493053820988e-01 4.486479493053820988e-01 4.486479493053820988e-01
2.382514246127811930e+00 2.382514246127811930e+00 2.382514246127811930e+00 2.382514246127811930e+00 2.382514246127811930e+00 2.382514246127811930e+00 2.382514246127811930e+00 4.638494555238139583e-01 1.067937679877672963e-01 1.067937679877672963e-01 1.067937679877672963e-01 4.043772027671366232e-02 4.043772027671366232e-02 4.043772027671366232e-02 4.043772027671366232e-02
3.029187958874224762e+00 3.029187958874224762e+00 3.029187958874224762e+00 1.876946635050110501e+00 1.876946635050110501e+00 1.876946635050110501e+00 1.876946635050110501e+00 1.876946635050110501e+00 1.876946635050110501e+00 1.876946635050110501e+00 7.170594626192539067e-01 2.367100207223415964e-04 2.367100207223415964e-04 2.367100207223415964e-04 2.367100207223415964e-04
1.329820180240858463e+00 1.329820180240858463e+00 6.054884176231780657e-01 6.054884176231780657e-01 6.054884176231780657e-01 6.054884176231780657e-01 6.054884176231780657e-01 6.054884176231780657e-01 6.054884176231780657e-01 6.054884176231780657e-01 6.054884176231780657e-01 6.054884176231780657e-01 6.054884176231780657e-01 6.054884176231780657e-01 6.054884176231780657e-01
3.076451564941762307e+00 3.076451564941762307e+00 3.076451564941762307e+00 3.076451564941762307e+00 2.186833537342806721e+00 2.186833537342806721e+00 2.186833537342806721e+00 2.186833537342806721e+00 2.186833537342806721e+00 2.186833537342806721e+00 2.186833537342806721e+00 2.186833537342806721e+00 2.186833537342806721e+00 2.186833537342806721e+00 2.003662742129279195e+00
1.540909461206183551e+00 4.285129930457287628e-01 4.285129930457287628e-01 4.285129930457287628e-01 4.285129930457287628e-01 4.285129930457287628e-01 4.285129930457287628e-01 4.285129930457287628e-01 4.285129930457287628e-01 4.285129930457287628e-01 1.049874758500664029e-01 1.049874758500664029e-01 1.049874758500664029e-01 1.049874758500664029e-01 1.049874758500664029e-01
3.695130550161167093e+00 3.695130550161167093e+00 3.217184478986496288e+00 1.708965340637064401e+00 1.708965340637064401e+00 1.708965340637064401e+00 1.708965340637064401e+00 1.708965340637064401e+00 2.202021873131343455e-02 2.202021873131343455e-02 1.689340045686549274e-03 1.689340045686549274e-03 1.689340045686549274e-03 1.689340045686549274e-03 1.689340045686549274e-03
2.908673402513883843e+00 2.908673402513883843e+00 2.908673402513883843e+00 2.908673402513883843e+00 2.422231835589400362e+00 2.422231835589400362e+00 2.422231835589400362e+00 5.132347949279392196e-02 5.132347949279392196e-02 3.183051677865478268e-02 3.183051677865478268e-02 3.183051677865478268e-02 3.183051677865478268e-02 3.183051677865478268e-02 3.183051677865478268e-02
4.026499698302156816e+00 4.026499698302156816e+00 4.026499698302156816e+00 3.126261535504042399e+00 3.126261535504042399e+00 2.779374514452399580e+00 2.779374514452399580e+00 9.546781636059336051e-01 9.546781636059336051e-01 9.546781636059336051e-01 1.796552335268302159e-01 1.796552335268302159e-01 7.704282939471340796e-04 7.704282939471340796e-04 5.517602181726033450e-05
1.491134147536167021e+00 1.491134147536167021e+00 1.093227973292066224e+00 1.093227973292066224e+00 1.093227973292066224e+00 1.093227973292066224e+00 1.093227973292066224e+00 9.436009895734400743e-01 6.008234637546934209e-01 6.008234637546934209e-01 6.008234637546934209e-01 6.008234637546934209e-01 6.008234637546934209e-01 6.008234637546934209e-01 6.008234637546934209e-01
8.013837620620734015e-01 8.013837620620734015e-01 4.706430966052721487e-04 -1.847461021498020273e-06 -1.847461021498020273e-06 -4.167326778770075180e-06 -4.167326778770075180e-06 -4.167326778770075180e-06 -4.167326778770075180e-06 -4.167326778770075180e-06 -4.167326778770075180e-06 -4.167326778770075180e-06 -4.167326778770075180e-06 -4.167326778770075180e-06 -4.167326778770075180e-06
2.544839228793671637e+00 2.517390757154373659e+00 2.517390757154373659e+00 1.273652575824826272e-01 1.273652575824826272e-01 6.333387131826384575e-02 6.333387131826384575e-02 4.261095207311882405e-04 4.261095207311882405e-04 4.261095207311882405e-04 4.261095207311882405e-04 4.261095207311882405e-04 4.261095207311882405e-04 4.261095207311882405e-04 4.261095207311882405e-04
7.811509494144278420e+00 5.072884219311653453e+00 5.072884219311653453e+00 3.904534043883266747e+00 3.673133495742121113e+00 3.661116853851524411e+00 3.661116853851524411e+00 3.661116853851524411e+00 0.000000000000000000e+00 0.000000000000000000e+00 0.000000000000000000e+00 0.000000000000000000e+00 0.000000000000000000e+00 0.000000000000000000e+00 0.000000000000000000e+00
9.206075659045552584e+00 3.120997455585552416e-01 2.813194457258418879e-01 2.813194457258418879e-01 -3.995949856516745058e-04 -3.995949856516745058e-04 -3.995949856516745058e-04 -3.995949856516745058e-04 -3.995949856516745058e-04 -3.995949856516745058e-04 -3.995949856516745058e-04 -3.995949856516745058e-04 -3.995949856516745058e-04 -3.995949856516745058e-04 -3.995949856516745058e-04
5.171907775320505607e-02 5.171907775320505607e-02 8.086129016646737000e-03 8.086129016646737000e-03 8.086129016646737000e-03 8.086129016646737000e-03 3.313376791993505321e-04 3.313376791993505321e-04 3.313376791993505321e-04 3.313376791993505321e-04 3.313376791993505321e-04 3.313376791993505321e-04 3.313376791993505321e-04 3.313376791993505321e-04 3.313376791993505321e-04
2.683822865038751448e+00 2.683822865038751448e+00 2.683822865038751448e+00 2.683822865038751448e+00 2.683822865038751448e+00 2.683822865038751448e+00 2.683822865038751448e+00 2.683822865038751448e+00 2.683822865038751448e+00 8.454695894155008773e-01 8.454695894155008773e-01 4.251963993417007259e-02 4.251963993417007259e-02 4.251963993417007259e-02 -7.179415612000639157e-03
4.040235305397335885e+00 4.040235305397335885e+00 1.992826084510312512e+00 1.992826084510312512e+00 1.992826084510312512e+00 1.992826084510312512e+00 9.029823015822557863e-03 9.029823015822557863e-03 9.029823015822557863e-03 9.029823015822557863e-03 -2.132403750465527992e-06 -2.132403750465527992e-06 -2.132403750465527992e-06 -2.132403750465527992e-06 -2.132403750465527992e-06
2.709767145299792901e-01 9.273751345881464658e-02 9.273751345881464658e-02 9.273751345881464658e-02 9.273751345881464658e-02 9.273751345881464658e-02 7.008199241136026103e-02 7.008199241136026103e-02 7.008199241136026103e-02 1.010032879821665119e-02 1.010032879821665119e-02 1.010032879821665119e-02 1.010032879821665119e-02 1.010032879821665119e-02 1.010032879821665119e-02
6.651061738995736050e-01 6.651061738995736050e-01 2.103173033551684057e-01 2.103173033551684057e-01 3.483126627997989999e-03 3.483126627997989999e-03 3.483126627997989999e-03 3.483126627997989999e-03 3.483126627997989999e-03 3.483126627997989999e-03 3.483126627997989999e-03 3.483126627997989999e-03 3.483126627997989999e-03 3.483126627997989999e-03 3.483126627997989999e-03
6.587277809640710302e-01 3.313432520103560819e-01 3.313432520103560819e-01 5.874380447880866996e-02 1.923608108427288244e-04 1.923608108427288244e-04 1.923608108427288244e-04 1.923608108427288244e-04 1.923608108427288244e-04 1.923608108427288244e-04 1.923608108427288244e-04 1.923608108427288244e-04 1.923608108427288244e-04 1.923608108427288244e-04 1.923608108427288244e-04
4.213927505356949155e+00 4.213927505356949155e+00 1.731556555699810929e+00 1.731556555699810929e+00 5.466970903664503112e-01 5.466970903664503112e-01 5.057145000250784506e-03 5.057145000250784506e-03 -2.685241404378757579e-03 -2.729835691980042611e-03 -2.729835691980042611e-03 -2.729835691980042611e-03 -2.729835691980042611e-03 -2.729835691980042611e-03 -2.729835691980042611e-03
1.948681385999723403e+00 1.948681385999723403e+00 9.928396225557278854e-02 9.928396225557278854e-02 9.928396225557278854e-02 9.928396225557278854e-02 9.928396225557278854e-02 9.928396225557278854e-02 9.928396225557278854e-02 9.928396225557278854e-02 9.928396225557278854e-02 9.928396225557278854e-02 9.928396225557278854e-02 9.928396225557278854e-02 9.928396225557278854e-02
1.054207668126306174e+00 1.054207668126306174e+00 6.766862987705906107e-01 6.766862987705906107e-01 6.766862987705906107e-01 6.766862987705906107e-01 6.766862987705906107e-01 6.766862987705906107e-01 6.766862987705906107e-01 6.766862987705906107e-01 6.766862987705906107e-01 5.747670284456773970e-02 5.747670284456773970e-02 5.747670284456773970e-02 -4.796954320340773847e-05
4.587086865236881472e+00 6.823750411672335758e-01 6.823750411672335758e-01 6.823750411672335758e-01 3.562720092122617643e-02 3.562720092122617643e-02 3.562720092122617643e-02 3.562720092122617643e-02 3.562720092122617643e-02 -7.476593054889235646e-06 -7.476593054889235646e-06 -7.476593054889235646e-06 -7.476593054889235646e-06 -7.476593054889235646e-06 -7.476593054889235646e-06
2.603161290077945722e+00 2.603161290077945722e+00 1.114380137575608387e+00 5.029185534994202733e-01 5.029185534994202733e-01 5.029185534994202733e-01 1.409485182302887551e-01 1.409485182302887551e-01 3.872842474720528116e-02 3.872842474720528116e-02 1.271610939966194564e-02 1.271610939966194564e-02 1.271610939966194564e-02 1.271610939966194564e-02 1.271610939966194564e-02
6.497242821519193967e+00 8.320456612906923510e-02 8.320456612906923510e-02 8.218715706107104779e-03 -5.663708088832208887e-05 -5.663708088832208887e-05 -5.663708088832208887e-05 -5.663708088832208887e-05 -5.663708088832208887e-05 -5.663708088832208887e-05 -5.663708088832208887e-05 -5.663708088832208887e-05 -5.663708088832208887e-05 -5.663708088832208887e-05 -5.663708088832208887e-05
2.615118288459774121e+00 2.615118288459774121e+00 2.615118288459774121e+00 2.615118288459774121e+00 2.615118288459774121e+00 2.615118288459774121e+00 2.615118288459774121e+00 1.506163469257657539e+00 1.506163469257657539e+00 5.877259540291390749e-02 5.877259540291390749e-02 5.877259540291390749e-02 5.877259540291390749e-02 5.877259540291390749e-02 -6.185896262280721203e-04
3.097594300038531756e+00 8.046860474842389976e-01 8.046860474842389976e-01 8.046860474842389976e-01 3.171887738711518523e-01 3.171887738711518523e-01 4.911708867570041548e-02 4.245887333524933638e-04 4.245887333524933638e-04 4.245887333524933638e-04 4.245887333524933638e-04 4.245887333524933638e-04 4.245887333524933638e-04 4.245887333524933638e-04 4.245887333524933638e-04
2.788307056463708022e-01 1.597673205580942835e-01 1.597673205580942835e-01 1.597673205580942835e-01 1.597673205580942835e-01 1.597673205580942835e-01 1.597673205580942835e-01 1.597673205580942835e-01 1.461237173049134697e-03 1.461237173049134697e-03 1.461237173049134697e-03 1.461237173049134697e-03 1.461237173049134697e-03 1.461237173049134697e-03 1.461237173049134697e-03
3.276093167066342460e+00 1.478420602637470438e+00 1.148790356455720030e-02 1.148790356455720030e-02 2.122535873240849469e-03 -1.046098668666672893e-05 -1.046098668666672893e-05 -1.046098668666672893e-05 -1.046098668666672893e-05 -1.046098668666672893e-05 -1.046098668666672893e-05 -1.046098668666672893e-05 -1.046098668666672893e-05 -1.046098668666672893e-05 -1.046098668666672893e-05
2.046002904666375244e+00 2.046002904666375244e+00 1.339324041189044578e+00 1.339324041189044578e+00 8.030478119662376457e-02 8.030478119662376457e-02 8.030478119662376457e-02 8.030478119662376457e-02 8.030478119662376457e-02 8.030478119662376457e-02 8.030478119662376457e-02 8.030478119662376457e-02 8.030478119662376457e-02 8.030478119662376457e-02 8.030478119662376457e-02
4.068157440896637667e+00 2.750096188563350807e+00 2.750096188563350807e+00 1.164150233255089262e+00 4.118385592095599179e-01 4.114594033342910961e-03 4.114594033342910961e-03 4.114594033342910961e-03 4.114594033342910961e-03 4.114594033342910961e-03 4.114594033342910961e-03 4.114594033342910961e-03 4.798599913335976908e-04 3.077697799724887773e-05 3.077697799724887773e-05
4.973496408393316415e-01 3.313292118889421545e-03 3.313292118889421545e-03 1.110126495348140452e-03 -3.129941075030728825e-05 -3.129941075030728825e-05 -3.129941075030728825e-05 -3.129941075030728825e-05 -3.129941075030728825e-05 -3.129941075030728825e-05 -3.129941075030728825e-05 -3.129941075030728825e-05 -3.129941075030728825e-05 -3.129941075030728825e-05 -3.129941075030728825e-05
9.899748815711717498e-01 9.899748815711717498e-01 1.730412901373910017e-01 1.730412901373910017e-01 3.512107249250107088e-03 3.512107249250107088e-03 3.512107249250107088e-03 3.512107249250107088e-03 3.512107249250107088e-03 3.512107249250107088e-03 3.512107249250107088e-03 3.512107249250107088e-03 3.512107249250107088e-03 -2.879753949969199311e-06 -2.879753949969199311e-06
3.755625409116664315e+00 3.755625409116664315e+00 3.755625409116664315e+00 3.755625409116664315e+00 1.066809834078412678e-01 2.897911878881131997e-02 2.897911878881131997e-02 2.897911878881131997e-02 2.897911878881131997e-02 2.897911878881131997e-02 2.897911878881131997e-02 2.897911878881131997e-02 2.897911878881131997e-02 2.897911878881131997e-02 2.897911878881131997e-02
2.697442656894850188e+00 2.578391160560386197e+00 1.220811002699520031e+00 1.220811002699520031e+00 1.220811002699520031e+00 5.460706491476230440e-01 5.460706491476230440e-01 1.924434752709203167e-02 1.924434752709203167e-02 1.924434752709203167e-02 1.924434752709203167e-02 1.924434752709203167e-02 1.924434752709203167e-02 1.924434752709203167e-02 1.924434752709203167e-02
7.706795848702086005e-01 3.683528403835651943e-01 3.683528403835651943e-01 9.530230966169028761e-02 9.530230966169028761e-02 9.530230966169028761e-02 9.530230966169028761e-02 9.530230966169028761e-02 1.280342253835442534e-03 1.280342253835442534e-03 1.280342253835442534e-03 1.280342253835442534e-03 1.280342253835442534e-03 1.280342253835442534e-03 1.280342253835442534e-03
1.881121787833556880e+00 6.554167377084922919e-01 6.698543617403629469e-02 6.698543617403629469e-02 6.698543617403629469e-02 6.698543617403629469e-02 6.698543617403629469e-02 6.698543617403629469e-02 6.698543617403629469e-02 6.698543617403629469e-02 6.698543617403629469e-02 6.698543617403629469e-02 6.698543617403629469e-02 6.698543617403629469e-02 6.698543617403629469e-02
4.836941754544996641e-01 4.466304756493144623e-01 1.013696212034176369e-02 1.013696212034176369e-02 1.013696212034176369e-02 1.013696212034176369e-02 1.013696212034176369e-02 1.013696212034176369e-02 1.093777244179250374e-03 1.093777244179250374e-03 1.093777244179250374e-03 1.093777244179250374e-03 1.093777244179250374e-03 1.093777244179250374e-03 1.093777244179250374e-03
5.035252170098203806e+00 1.976161117643641774e+00 1.976161117643641774e+00 1.976161117643641774e+00 3.130745537005026335e-01 3.130745537005026335e-01 3.130745537005026335e-01 3.130745537005026335e-01 3.130745537005026335e-01 3.130745537005026335e-01 3.130745537005026335e-01 3.054985985477287613e-01 3.054985985477287613e-01 3.054985985477287613e-01 3.054985985477287613e-01
1.796078404272201112e+00 1.796078404272201112e+00 1.796078404272201112e+00 1.796078404272201112e+00 1.796078404272201112e+00 1.796078404272201112e+00 1.796078404272201112e+00 1.796078404272201112e+00 1.538070518087351957e+00 1.538070518087351957e+00 1.538070518087351957e+00 1.538070518087351957e+00 1.217414799630788025e+00 1.217414799630788025e+00 1.217414799630788025e+00
4.820027486142826945e+00 2.151085966343508460e+00 2.151085966343508460e+00 2.151085966343508460e+00 4.828988676748053877e-01 4.828988676748053877e-01 2.507917808281945327e-02 2.507917808281945327e-02 -1.910485224811964144e-04 -1.910485224811964144e-04 -1.910485224811964144e-04 -1.910485224811964144e-04 -1.910485224811964144e-04 -1.910485224811964144e-04 -1.910485224811964144e-04
1.912128815562242679e+00 1.912128815562242679e+00 1.912128815562242679e+00 1.912128815562242679e+00 1.530413440457323304e+00 1.530413440457323304e+00 1.530413440457323304e+00 1.530413440457323304e+00 1.530413440457323304e+00 1.530413440457323304e+00 1.530413440457323304e+00 5.578815340695655323e-01 5.578815340695655323e-01 5.578815340695655323e-01 1.619201565305559143e-01
2.432586461810106293e+00 2.432586461810106293e+00 1.508082838341152865e+00 1.508082838341152865e+00 1.508082838341152865e+00 1.508082838341152865e+00 9.671152470655215438e-01 9.671152470655215438e-01 9.671152470655215438e-01 9.671152470655215438e-01 9.671152470655215438e-01 1.758937069508732520e-01 6.324776390727038233e-04 6.324776390727038233e-04 6.324776390727038233e-04
4.794411872375738071e+00 4.794411872375738071e+00 4.794411872375738071e+00 5.509939299003292490e-01 5.509939299003292490e-01 5.509939299003292490e-01 5.509939299003292490e-01 5.509939299003292490e-01 5.509939299003292490e-01 5.509939299003292490e-01 3.635497871434694162e-01 5.480724676957038355e-03 -7.458232281933874219e-04 -7.522377421267378850e-04 -7.953075469231407624e-04
