6.433710709678755357e+00 8.072743581737427121e-01 8.072743581737427121e-01 8.072743581737427121e-01 7.072489667584136441e-02 6.922118514367525677e-04 6.922118514367525677e-04 6.922118514367525677e-04 6.922118514367525677e-04 6.922118514367525677e-04 6.922118514367525677e-04 6.922118514367525677e-04 6.922118514367525677e-04 6.922118514367525677e-04 6.922118514367525677e-04
1.647834191717503671e+00 1.647834191717503671e+00 1.647834191717503671e+00 1.647834191717503671e+00 1.647834191717503671e+00 2.019321266485292199e-01 1.580606492969991450e-01 1.580606492969991450e-01 2.931782305992669535e-02 2.931782305992669535e-02 1.287815130410763231e-04 1.287815130410763231e-04 1.287815130410763231e-04 1.287815130410763231e-04 1.287815130410763231e-04
3.447014429633093791e+00 3.447014429633093791e+00 3.447014429633093791e+00 3.371758775507323946e+00 1.445570446891849770e+00 1.445570446891849770e+00 3.070902958466490418e-01 3.070902958466490418e-01 2.153090534064858730e-01 1.541437847430984220e-01 1.541437847430984220e-01 1.097280002365437213e-01 1.097280002365437213e-01 1.097280002365437213e-01 1.097280002365437213e-01
1.932146143309240838e+00 1.932146143309240838e+00 1.908042367638493886e+00 1.908042367638493886e+00 1.908042367638493886e+00 1.908042367638493886e+00 1.675965521920481649e+00 1.675965521920481649e+00 3.465849382626728925e-01 4.625099507342866900e-02 -1.116193267662879407e-04 -1.732441097743731007e-04 -1.732441097743731007e-04 -1.732441097743731007e-04 -1.732441097743731007e-04
1.091624029513695859e-01 1.091624029513695859e-01 8.487169231329971808e-03 8.487169231329971808e-03 8.487169231329971808e-03 8.487169231329971808e-03 2.706428674628114095e-04 2.706428674628114095e-04 2.706428674628114095e-04 2.706428674628114095e-04 2.706428674628114095e-04 2.706428674628114095e-04 2.706428674628114095e-04 2.706428674628114095e-04 2.706428674628114095e-04
2.046766475371327942e+00 2.046766475371327942e+00 2.046766475371327942e+00 1.897772908182389529e+00 1.897772908182389529e+00 1.897772908182389529e+00 1.897772908182389529e+00 1.897772908182389529e+00 9.656293317153199496e-01 9.656293317153199496e-01 9.656293317153199496e-01 9.656293317153199496e-01 9.656293317153199496e-01 9.656293317153199496e-01 9.656293317153199496e-01
3.682421884252960353e+00 3.396898595952961841e+00 3.396898595952961841e+00 3.017219673174849959e+00 2.537035106784060190e-01 6.460736765814090177e-02 5.708209651413653773e-02 5.708209651413653773e-02 5.668787755439552711e-04 5.668787755439552711e-04 5.668787755439552711e-04 5.668787755439552711e-04 5.668787755439552711e-04 8.949720529471960617e-05 8.949720529471960617e-05
3.396286892879082586e+00 3.396286892879082586e+00 7.336952250050909896e-01 7.336952250050909896e-01 5.558439367659513408e-01 1.865073274957573801e-02 -1.059774686199332905e-03 -1.059774686199332905e-03 -1.059774686199332905e-03 -1.059774686199332905e-03 -1.059774686199332905e-03 -1.059774686199332905e-03 -1.059774686199332905e-03 -1.059774686199332905e-03 -1.059774686199332905e-03
3.795084325637205325e+00 3.353206216618374924e+00 3.353206216618374924e+00 2.239474699619186993e+00 2.239474699619186993e+00 -3.628400647457397099e-03 -3.628400647457397099e-03 -3.628400647457397099e-03 -3.628400647457397099e-03 -3.628400647457397099e-03 -3.628400647457397099e-03 -3.628400647457397099e-03 -3.628400647457397099e-03 -3.628400647457397099e-03 -3.628400647457397099e-03
2.527257080805000555e+00 1.406558596574498665e+00 1.406558596574498665e+00 1.406558596574498665e+00 5.731485269794944770e-01 1.185709446261284938e-03 -3.950807545578527424e-04 -3.950807545578527424e-04 -3.950807545578527424e-04 -3.950807545578527424e-04 -3.950807545578527424e-04 -3.950807545578527424e-04 -3.950807545578527424e-04 -3.950807545578527424e-04 -3.950807545578527424e-04
5.519600478560603207e+00 5.519600478560603207e+00 2.611196747066498958e+00 4.035244427268391831e-01 4.025247322272029749e-02 4.025247322272029749e-02 4.025247322272029749e-02 1.419017840929015506e-03 1.419017840929015506e-03 1.419017840929015506e-03 1.419017840929015506e-03 1.419017840929015506e-03 1.419017840929015506e-03 1.419017840929015506e-03 1.419017840929015506e-03
2.587064035449486710e-01 8.124389226168204914e-02 8.124389226168204914e-02 7.169782790163026220e-02 7.169782790163026220e-02 7.169782790163026220e-02 7.169782790163026220e-02 7.169782790163026220e-02 7.169782790163026220e-02 7.169782790163026220e-02 7.169782790163026220e-02 7.169782790163026220e-02 7.169782790163026220e-02 7.169782790163026220e-02 7.169782790163026220e-02
4.645271745685391807e+00 4.310431994429706037e+00 4.310431994429706037e+00 1.056548916511417247e-01 1.056548916511417247e-01 1.056548916511417247e-01 1.056548916511417247e-01 7.243440829412861603e-03 7.243440829412861603e-03 7.243440829412861603e-03 7.243440829412861603e-03 -1.226824726515474140e-03 -1.226824726515474140e-03 -1.226824726515474140e-03 -1.226824726515474140e-03
3.472867171894167271e+00 2.231484490059273185e+00 3.185242209210201736e-01 2.252289057645810999e-01 2.252289057645810999e-01 2.252289057645810999e-01 -2.150035329293586983e-03 -2.150035329293586983e-03 -2.150035329293586983e-03 -2.150035329293586983e-03 -2.150035329293586983e-03 -2.150035329293586983e-03 -2.150035329293586983e-03 -2.150035329293586983e-03 -2.150035329293586983e-03
1.034717347986585878e+00 1.034717347986585878e+00 1.034717347986585878e+00 1.034717347986585878e+00 1.233174903788949450e-01 0.000000000000000000e+00 0.000000000000000000e+00 0.000000000000000000e+00 0.000000000000000000e+00 0.000000000000000000e+00 0.000000000000000000e+00 0.000000000000000000e+00 0.000000000000000000e+00 0.000000000000000000e+00 0.000000000000000000e+00
1.150690712120306713e+00 1.808813774836846022e-01 6.916052408219108827e-02 6.916052408219108827e-02 6.916052408219108827e-02 6.916052408219108827e-02 6.916052408219108827e-02 6.916052408219108827e-02 6.916052408219108827e-02 6.916052408219108827e-02 6.916052408219108827e-02 6.916052408219108827e-02 6.916052408219108827e-02 6.916052408219108827e-02 6.916052408219108827e-02
6.063956796792353998e+00 4.982026024295294064e+00 3.672667772594451208e+00 1.192320461909758933e+00 1.192320461909758933e+00 8.738072824826019769e-01 8.738072824826019769e-01 8.738072824826019769e-01 8.738072824826019769e-01 8.738072824826019769e-01 8.738072824826019769e-01 8.738072824826019769e-01 8.738072824826019769e-01 1.059419755878820979e-01 -1.786978490940782649e-04
5.086002285913906462e+00 1.626951118980457522e+00 1.626951118980457522e+00 1.953995128403107628e-02 -1.439299127810045320e-04 -1.439299127810045320e-04 -1.439299127810045320e-04 -2.537084552898249967e-04 -2.537084552898249967e-04 -2.537084552898249967e-04 -2.537084552898249967e-04 -2.537084552898249967e-04 -2.537084552898249967e-04 -2.537084552898249967e-04 -2.537084552898249967e-04
5.245384791956752224e+00 5.245384791956752224e+00 1.085214339596888067e+00 1.085214339596888067e+00 2.108253985170449596e-02 2.108253985170449596e-02 -1.274668627843311697e-03 -1.274668627843311697e-03 -1.274668627843311697e-03 -1.274668627843311697e-03 -1.274668627843311697e-03 -1.274668627843311697e-03 -1.274668627843311697e-03 -1.274668627843311697e-03 -1.274668627843311697e-03
4.900155079211288012e+00 4.900155079211288012e+00 7.132701311191596005e-01 2.042936516536144609e-01 2.548494874145035283e-02 2.548494874145035283e-02 2.548494874145035283e-02 4.699541292723097285e-04 -3.049734081628230342e-05 -3.049734081628230342e-05 -3.049734081628230342e-05 -3.049734081628230342e-05 -3.049734081628230342e-05 -3.049734081628230342e-05 -3.049734081628230342e-05
4.917134077767570943e+00 4.917134077767570943e+00 1.697942708341770413e+00 1.697942708341770413e+00 3.054809930338251434e-01 1.642244158142602828e-02 1.642244158142602828e-02 1.642244158142602828e-02 1.642244158142602828e-02 1.642244158142602828e-02 1.642244158142602828e-02 1.642244158142602828e-02 1.642244158142602828e-02 1.642244158142602828e-02 2.888118156306518358e-03
2.491873692241150628e+00 2.105004488655546346e+00 2.105004488655546346e+00 2.105004488655546346e+00 2.105004488655546346e+00 2.105004488655546346e+00 2.105004488655546346e+00 2.105004488655546346e+00 6.320867104354386257e-01 6.320867104354386257e-01 1.396048391247370901e-01 1.396048391247370901e-01 1.268382733316650857e-01 1.268382733316650857e-01 1.268382733316650857e-01
2.005845242660510230e+00 7.858080972102357009e-01 7.858080972102357009e-01 7.858080972102357009e-01 7.858080972102357009e-01 7.858080972102357009e-01 1.970414069853632100e-02 1.970414069853632100e-02 1.253038968323494373e-02 1.253038968323494373e-02 1.253038968323494373e-02 1.253038968323494373e-02 1.253038968323494373e-02 1.253038968323494373e-02 1.253038968323494373e-02
3.302863570498260515e+00 1.920965483201825919e+00 1.920965483201825919e+00 1.920965483201825919e+00 1.920965483201825919e+00 1.920965483201825919e+00 1.920965483201825919e+00 1.920965483201825919e+00 1.920965483201825919e+00 1.920965483201825919e+00 5.404855870074243285e-02 3.535798628035990987e-04 3.535798628035990987e-04 3.535798628035990987e-04 -6.123243497313524131e-05
3.916592814147196400e+00 3.916592814147196400e+00 4.513356294657455692e-01 4.513356294657455692e-01 4.513356294657455692e-01 5.377581199184078287e-03 5.377581199184078287e-03 5.377581199184078287e-03 5.377581199184078287e-03 5.377581199184078287e-03 5.377581199184078287e-03 5.377581199184078287e-03 5.377581199184078287e-03 5.377581199184078287e-03 5.377581199184078287e-03
3.782552167843057589e+00 6.841247109641699353e-01 6.841247109641699353e-01 6.841247109641699353e-01 3.197247489879373461e-03 3.197247489879373461e-03 3.197247489879373461e-03 3.197247489879373461e-03 3.197247489879373461e-03 3.197247489879373461e-03 3.197247489879373461e-03 3.197247489879373461e-03 3.203841170034138486e-04 3.203841170034138486e-04 3.203841170034138486e-04
1.660210868213995994e+00 5.313229048491052708e-02 5.313229048491052708e-02 2.840661396649579729e-02 1.498116760103584966e-04 1.498116760103584966e-04 1.498116760103584966e-04 5.384181525869280449e-05 5.384181525869280449e-05 5.172891064830764662e-06 3.596703834318759618e-06 3.596703834318759618e-06 3.596703834318759618e-06 3.596703834318759618e-06 3.596703834318759618e-06
1.368644734230414883e+00 7.178854020603182562e-01 7.178854020603182562e-01 7.178854020603182562e-01 7.178854020603182562e-01 7.178854020603182562e-01 7.178854020603182562e-01 7.178854020603182562e-01 7.178854020603182562e-01 5.398753035876779904e-04 1.676536987247345678e-04 1.676536987247345678e-04 1.676536987247345678e-04 1.676536987247345678e-04 1.676536987247345678e-04
5.457321281401848800e+00 5.141902380797546357e+00 4.924080835849931503e+00 4.924080835849931503e+00 6.894284278230315977e-01 6.894284278230315977e-01 2.602739412394612373e-01 1.821080090630857740e-01 1.821080090630857740e-01 1.821080090630857740e-01 2.379607872171618510e-04 2.379607872171618510e-04 2.379607872171618510e-04 2.379607872171618510e-04 2.379607872171618510e-04
1.279401191958186246e+00 1.279401191958186246e+00 1.279401191958186246e+00 2.405186597753754540e-01 9.015109454844605352e-02 9.015109454844605352e-02 5.590969615241192514e-04 5.590969615241192514e-04 5.590969615241192514e-04 5.590969615241192514e-04 5.590969615241192514e-04 5.590969615241192514e-04 5.590969615241192514e-04 5.590969615241192514e-04 5.590969615241192514e-04
3.129129034521147545e-01 3.129129034521147545e-01 3.129129034521147545e-01 2.639359130972707135e-02 2.639359130972707135e-02 2.639359130972707135e-02 2.639359130972707135e-02 2.639359130972707135e-02 2.639359130972707135e-02 2.639359130972707135e-02 2.639359130972707135e-02 2.639359130972707135e-02 2.639359130972707135e-02 2.639359130972707135e-02 2.639359130972707135e-02
4.066489432136535243e-01 1.681629074420953884e-01 1.681629074420953884e-01 3.509118089226603843e-03 3.509118089226603843e-03 3.509118089226603843e-03 3.509118089226603843e-03 3.509118089226603843e-03 3.509118089226603843e-03 3.509118089226603843e-03 3.509118089226603843e-03 3.509118089226603843e-03 3.509118089226603843e-03 3.509118089226603843e-03 3.509118089226603843e-03
1.044119092632758594e+00 1.044119092632758594e+00 1.044119092632758594e+00 5.681615205902517118e-01 5.681615205902517118e-01 5.681615205902517118e-01 5.681615205902517118e-01 3.734274499278740223e-01 3.734274499278740223e-01 1.015078719322275447e-01 1.015078719322275447e-01 1.015078719322275447e-01 1.015078719322275447e-01 1.015078719322275447e-01 6.170317787655221764e-02
6.586077135779461855e+00 6.423197044441167236e+00 6.423197044441167236e+00 4.272345128545339321e+00 2.586463741135958117e-02 -1.125457496300441562e-03 -1.125457496300441562e-03 -1.125457496300441562e-03 -1.125457496300441562e-03 -1.125457496300441562e-03 -1.125457496300441562e-03 -1.125457496300441562e-03 -1.125457496300441562e-03 -1.125457496300441562e-03 -1.125457496300441562e-03
2.302465639763129346e+00 2.302465639763129346e+00 2.302465639763129346e+00 2.302465639763129346e+00 2.302465639763129346e+00 2.302465639763129346e+00 2.302465639763129346e+00 1.563390943955217161e+00 1.563390943955217161e+00 3.318916948460426397e-04 3.318916948460426397e-04 3.318916948460426397e-04 3.318916948460426397e-04 3.318916948460426397e-04 3.318916948460426397e-04
4.947231961164689551e+00 8.419407847603821438e-01 8.419407847603821438e-01 4.128795276155017291e-02 1.293277065101960943e-03 1.293277065101960943e-03 2.647896566543295194e-05 2.647896566543295194e-05 2.647896566543295194e-05 2.647896566543295194e-05 2.647896566543295194e-05 8.190338718350176350e-07 8.190338718350176350e-07 8.190338718350176350e-07 8.190338718350176350e-07
2.800360010862107174e+00 2.800360010862107174e+00 2.800360010862107174e+00 2.375535215880802298e+00 2.375535215880802298e+00 2.375535215880802298e+00 2.375535215880802298e+00 3.839086011063841397e-01 3.839086011063841397e-01 3.839086011063841397e-01 3.839086011063841397e-01 3.839086011063841397e-01 3.839086011063841397e-01 3.839086011063841397e-01 4.055303350014582975e-05
1.107204121042125067e+00 7.744768826773906767e-02 5.325863459847823833e-02 9.575038372076960513e-03 9.575038372076960513e-03 8.753993721938968520e-03 8.753993721938968520e-03 8.753993721938968520e-03 8.753993721938968520e-03 8.753993721938968520e-03 8.753993721938968520e-03 8.753993721938968520e-03 8.753993721938968520e-03 8.753993721938968520e-03 8.753993721938968520e-03
3.669280483524474334e+00 8.780791560265726048e-01 8.780791560265726048e-01 8.780791560265726048e-01 8.780791560265726048e-01 3.454856428693631187e-02 3.454856428693631187e-02 3.454856428693631187e-02 1.424685713757867234e-03 1.424685713757867234e-03 1.424685713757867234e-03 1.424685713757867234e-03 1.424685713757867234e-03 1.424685713757867234e-03 -2.091176761922497462e-04
3.573278479341354341e+00 3.573278479341354341e+00 3.573278479341354341e+00 3.573278479341354341e+00 3.573278479341354341e+00 3.573278479341354341e+00 1.922397139861004689e+00 2.976879163438184150e-02 1.418178630160582543e-03 -2.851057104180654278e-05 -2.851057104180654278e-05 -2.851057104180654278e-05 -2.851057104180654278e-05 -2.851057104180654278e-05 -2.851057104180654278e-05
5.889758299787786200e+00 5.889758299787786200e+00 5.889758299787786200e+00 5.889758299787786200e+00 5.889758299787786200e+00 7.053984774213972742e-01 7.053984774213972742e-01 7.053984774213972742e-01 7.053984774213972742e-01 5.307268387889507721e-02 5.307268387889507721e-02 7.181366348731899052e-04 9.807439028008957393e-06 9.807439028008957393e-06 9.807439028008957393e-06
4.672707594707240730e+00 7.952635905102312108e-02 9.624703682575841412e-04 9.624703682575841412e-04 1.938565709806994164e-04 1.938565709806994164e-04 1.097612450067231293e-04 1.097612450067231293e-04 1.097612450067231293e-04 1.097612450067231293e-04 1.097612450067231293e-04 1.097612450067231293e-04 1.097612450067231293e-04 1.097612450067231293e-04 1.097612450067231293e-04
5.212509260192518923e+00 5.212509260192518923e+00 5.212509260192518923e+00 8.636594655010867427e-01 8.636594655010867427e-01 8.636594655010867427e-01 8.636594655010867427e-01 8.636594655010867427e-01 8.636594655010867427e-01 8.636594655010867427e-01 8.636594655010867427e-01 8.636594655010867427e-01 8.636594655010867427e-01 8.636594655010867427e-01 2.307762076043218258e-03
3.008617120426748670e+00 3.008617120426748670e+00 1.770406448196098381e+00 1.001555075696543895e+00 1.001555075696543895e+00 1.001555075696543895e+00 1.001555075696543895e+00 1.001555075696543895e+00 1.001555075696543895e+00 1.001555075696543895e+00 9.362409949088146277e-02 9.362409949088146277e-02 9.362409949088146277e-02 2.482514460211859841e-03 2.482514460211859841e-03
2.991641919341155642e+00 2.991641919341155642e+00 1.155764493131052006e+00 1.155764493131052006e+00 1.155764493131052006e+00 6.694743460666110479e-01 6.694743460666110479e-01 6.694743460666110479e-01 3.416309734660671893e-05 3.416309734660671893e-05 3.416309734660671893e-05 -2.235873467739679654e-04 -2.235873467739679654e-04 -2.235873467739679654e-04 -2.235873467739679654e-04
1.836573450740090152e+00 1.836573450740090152e+00 1.836573450740090152e+00 1.984270038410613779e-01 1.984270038410613779e-01 6.999634529256582027e-02 6.999634529256582027e-02 2.204391576924535912e-03 2.204391576924535912e-03 2.204391576924535912e-03 2.204391576924535912e-03 2.204391576924535912e-03 2.204391576924535912e-03 2.204391576924535912e-03 2.204391576924535912e-03
2.304037313323419767e+00 4.260533516751934258e-01 4.260533516751934258e-01 1.195106577745264076e-02 7.661318862915322825e-03 7.661318862915322825e-03 7.661318862915322825e-03 7.661318862915322825e-03 7.661318862915322825e-03 7.661318862915322825e-03 7.661318862915322825e-03 7.661318862915322825e-03 7.661318862915322825e-03 7.661318862915322825e-03 7.661318862915322825e-03
1.730162264675449535e+00 5.455301868865092274e-01 5.455301868865092274e-01 1.186609469075676770e-01 1.177389016291101598e-01 1.177389016291101598e-01 1.177389016291101598e-01 1.177389016291101598e-01 1.177389016291101598e-01 1.177389016291101598e-01 1.177389016291101598e-01 1.177389016291101598e-01 1.177389016291101598e-01 1.177389016291101598e-01 1.177389016291101598e-01
3.953346142212353698e+00 2.648511192020237104e+00 2.648511192020237104e+00 2.648511192020237104e+00 2.648511192020237104e+00 1.264794633593226081e+00 1.264794633593226081e+00 1.264794633593226081e+00 1.264794633593226081e+00 4.683518489548532671e-02 4.683518489548532671e-02 -6.821753723329493369e-05 -6.821753723329493369e-05 -6.821753723329493369e-05 -6.821753723329493369e-05
9.677653671836139893e+00 7.440173653252259101e+00 7.253043780532266283e+00 6.232451120997964722e+00 6.232451120997964722e+00 6.232451120997964722e+00 2.791023947986673193e+00 2.899456025795501546e-01 2.899456025795501546e-01 8.242012853543201345e-05 8.242012853543201345e-05 0.000000000000000000e+00 0.000000000000000000e+00 0.000000000000000000e+00 0.000000000000000000e+00
2.151364138162206174e-01 2.151364138162206174e-01 1.037245595949354282e-02 1.037245595949354282e-02 9.018632349677702109e-04 9.018632349677702109e-04 9.018632349677702109e-04 9.018632349677702109e-04 9.018632349677702109e-04 9.018632349677702109e-04 9.018632349677702109e-04 9.018632349677702109e-04 1.023314913153328121e-04 1.023314913153328121e-04 1.023314913153328121e-04
2.557580078163844917e+00 2.557580078163844917e+00 2.557580078163844917e+00 5.518114645567493426e-01 5.518114645567493426e-01 5.518114645567493426e-01 1.144319044874464453e-02 1.144319044874464453e-02 1.657593306163107627e-03 1.657593306163107627e-03 1.657593306163107627e-03 1.657593306163107627e-03 1.657593306163107627e-03 1.657593306163107627e-03 1.657593306163107627e-03
1.706745059720410129e+00 1.274709734138440353e+00 1.274709734138440353e+00 1.274709734138440353e+00 1.274709734138440353e+00 1.274709734138440353e+00 1.274709734138440353e+00 1.020998614983028574e+00 9.747570705744124098e-02 9.747570705744124098e-02 9.747570705744124098e-02 1.854825177102270573e-02 1.854825177102270573e-02 1.193655861015940900e-04 1.193655861015940900e-04
2.309521642364185112e+00 2.309521642364185112e+00 3.328145043673913506e-02 4.574112459970081090e-03 4.574112459970081090e-03 4.574112459970081090e-03 4.574112459970081090e-03 4.574112459970081090e-03 4.574112459970081090e-03 4.574112459970081090e-03 4.574112459970081090e-03 8.823449732631161169e-06 8.823449732631161169e-06 8.823449732631161169e-06 8.823449732631161169e-06
4.223883010832765628e+00 2.080515397409045342e+00 2.080515397409045342e+00 2.080515397409045342e+00 2.080515397409045342e+00 8.627316130110935788e-01 8.796601471844134323e-03 8.796601471844134323e-03 -6.381626239848614546e-04 -6.381626239848614546e-04 -6.381626239848614546e-04 -6.381626239848614546e-04 -6.381626239848614546e-04 -6.381626239848614546e-04 -6.381626239848614546e-04
6.516472230471286764e+00 6.516472230471286764e+00 6.516472230471286764e+00 6.516472230471286764e+00 6.516472230471286764e+00 6.516472230471286764e+00 4.463666439814915066e-01 4.463666439814915066e-01 4.463666439814915066e-01 4.463666439814915066e-01 4.463666439814915066e-01 3.517418378578440752e-03 3.517418378578440752e-03 3.517418378578440752e-03 3.517418378578440752e-03
2.382514246127811930e+00 2.382514246127811930e+00 2.382514246127811930e+00 2.382514246127811930e+00 2.382514246127811930e+00 4.590631100840028012e-01 4.590631100840028012e-01 4.590631100840028012e-01 1.112864495588041791e-01 4.395214161604599212e-02 7.415925817895185901e-04 7.415925817895185901e-04 7.415925817895185901e-04 7.415925817895185901e-04 7.415925817895185901e-04
3.029187958874224762e+00 3.029187958874224762e+00 3.029187958874224762e+00 2.091110775105399000e+00 2.091110775105399000e+00 9.534801712710745392e-01 9.534801712710745392e-01 2.595209207051141220e-03 2.595209207051141220e-03 2.595209207051141220e-03 -1.348718356155131914e-03 -1.348718356155131914e-03 -1.348718356155131914e-03 -1.348718356155131914e-03 -1.348718356155131914e-03
1.329820180240858463e+00 1.329820180240858463e+00 6.101849141372213126e-01 6.101849141372213126e-01 6.101849141372213126e-01 6.101849141372213126e-01 6.101849141372213126e-01 6.101849141372213126e-01 6.101849141372213126e-01 6.101849141372213126e-01 6.101849141372213126e-01 6.101849141372213126e-01 6.101849141372213126e-01 6.101849141372213126e-01 2.192268054435544400e-01
3.076451564941762307e+00 3.076451564941762307e+00 3.076451564941762307e+00 3.076451564941762307e+00 3.076451564941762307e+00 3.076451564941762307e+00 1.891768382818952432e+00 1.823187574802147992e+00 8.830353048568895247e-02 8.830353048568895247e-02 8.830353048568895247e-02 8.830353048568895247e-02 8.830353048568895247e-02 8.830353048568895247e-02 8.830353048568895247e-02
1.540909461206183551e+00 1.540909461206183551e+00 3.301913976202968115e-01 3.301913976202968115e-01 3.301913976202968115e-01 3.301913976202968115e-01 3.301913976202968115e-01 3.301913976202968115e-01 3.301913976202968115e-01 3.301913976202968115e-01 3.301913976202968115e-01 3.301913976202968115e-01 3.301913976202968115e-01 3.301913976202968115e-01 3.301913976202968115e-01
3.695130550161167093e+00 3.695130550161167093e+00 3.221245736281730387e+00 1.721465724233553374e+00 1.721465724233553374e+00 1.721465724233553374e+00 1.721465724233553374e+00 1.721465724233553374e+00 1.594290870024224205e-01 1.594290870024224205e-01 7.510738049688825413e-03 4.002505002063116990e-04 4.002505002063116990e-04 4.002505002063116990e-04 4.002505002063116990e-04
2.908673402513883843e+00 2.908673402513883843e+00 2.908673402513883843e+00 2.393389624309634200e+00 2.393389624309634200e+00 2.393389624309634200e+00 4.232666760344727663e-02 4.232666760344727663e-02 4.232666760344727663e-02 4.232666760344727663e-02 4.232666760344727663e-02 4.232666760344727663e-02 4.232666760344727663e-02 4.232666760344727663e-02 4.232666760344727663e-02
4.026499698302156816e+00 4.026499698302156816e+00 4.026499698302156816e+00 3.126306460805167831e+00 3.126306460805167831e+00 2.779076134466833992e+00 2.779076134466833992e+00 9.506229488720805421e-01 9.506229488720805421e-01 2.286779323999894586e-01 2.286779323999894586e-01 5.891021334036850021e-05 5.891021334036850021e-05 5.891021334036850021e-05 5.891021334036850021e-05
1.491134147536167021e+00 1.087486217683299117e+00 1.087486217683299117e+00 1.087486217683299117e+00 1.087486217683299117e+00 1.087486217683299117e+00 1.087486217683299117e+00 1.087486217683299117e+00 6.881411449093661759e-01 6.881411449093661759e-01 6.881411449093661759e-01 6.881411449093661759e-01 6.881411449093661759e-01 6.881411449093661759e-01 7.677721478549415224e-02
8.013837620620734015e-01 8.013837620620734015e-01 2.866060176529572345e-04 2.866060176529572345e-04 1.098235302379180212e-04 1.098235302379180212e-04 1.098235302379180212e-04 1.098235302379180212e-04 1.098235302379180212e-04 1.098235302379180212e-04 1.098235302379180212e-04 1.098235302379180212e-04 1.098235302379180212e-04 1.098235302379180212e-04 1.098235302379180212e-04
2.544839228793671637e+00 2.544839228793671637e+00 9.494108554778577513e-01 9.494108554778577513e-01 9.494108554778577513e-01 9.494108554778577513e-01 1.261508696326245627e-01 1.261508696326245627e-01 1.261508696326245627e-01 5.208990155847459391e-02 5.208990155847459391e-02 3.111310761596541852e-04 1.863011880232079420e-05 1.863011880232079420e-05 1.863011880232079420e-05
7.811509494144278420e+00 0.000000000000000000e+00 0.000000000000000000e+00 0.000000000000000000e+00 0.000000000000000000e+00 0.000000000000000000e+00 0.000000000000000000e+00 0.000000000000000000e+00 0.000000000000000000e+00 0.000000000000000000e+00 0.000000000000000000e+00 0.000000000000000000e+00 0.000000000000000000e+00 0.000000000000000000e+00 0.000000000000000000e+00
9.206075659045552584e+00 2.664692978660923472e+00 1.925594323139989683e-01 1.925594323139989683e-01 5.141548405953244583e-02 1.980766648159715260e-03 1.980766648159715260e-03 1.980766648159715260e-03 1.980766648159715260e-03 -4.299081745102739660e-04 -4.299081745102739660e-04 -4.299081745102739660e-04 -4.299081745102739660e-04 -4.299081745102739660e-04 -4.299081745102739660e-04
5.171907775320505607e-02 5.171907775320505607e-02 5.171907775320505607e-02 5.171907775320505607e-02 5.171907775320505607e-02 5.171907775320505607e-02 5.171907775320505607e-02 5.171907775320505607e-02 5.171907775320505607e-02 5.171907775320505607e-02 5.171907775320505607e-02 1.373013202282891143e-02 1.373013202282891143e-02 1.373013202282891143e-02 1.373013202282891143e-02
2.683822865038751448e+00 2.683822865038751448e+00 2.683822865038751448e+00 2.683822865038751448e+00 2.683822865038751448e+00 2.683822865038751448e+00 2.683822865038751448e+00 2.683822865038751448e+00 2.683822865038751448e+00 7.008283921174154329e-01 7.008283921174154329e-01 3.660815363409142265e-02 3.660815363409142265e-02 -7.541810812000449005e-03 -7.541810812000449005e-03
4.040235305397335885e+00 4.040235305397335885e+00 1.943799539453863190e+00 1.943799539453863190e+00 1.854221959062272163e-01 1.854221959062272163e-01 2.990345281821760182e-02 2.990345281821760182e-02 1.474837256097316640e-03 1.474837256097316640e-03 1.474837256097316640e-03 1.474837256097316640e-03 -1.562876170169147372e-05 -1.562876170169147372e-05 -1.562876170169147372e-05
2.709767145299792901e-01 9.046640764711355587e-02 9.046640764711355587e-02 9.046640764711355587e-02 9.046640764711355587e-02 9.046640764711355587e-02 9.046640764711355587e-02 9.046640764711355587e-02 9.046640764711355587e-02 9.046640764711355587e-02 1.413578577739826869e-02 4.766747804751503281e-03 4.766747804751503281e-03 1.551596687932033092e-05 1.551596687932033092e-05
6.651061738995736050e-01 6.651061738995736050e-01 2.081144355768174137e-01 2.081144355768174137e-01 2.302695044363645138e-03 2.302695044363645138e-03 2.302695044363645138e-03 2.302695044363645138e-03 2.302695044363645138e-03 2.302695044363645138e-03 2.302695044363645138e-03 9.824966255109757185e-04 9.824966255109757185e-04 9.824966255109757185e-04 -3.142174023196275812e-05
6.587277809640710302e-01 3.262679724923600588e-01 5.736925575070017658e-02 2.698519031923751754e-03 2.698519031923751754e-03 4.923117433008883381e-05 4.923117433008883381e-05 4.923117433008883381e-05 4.923117433008883381e-05 4.923117433008883381e-05 4.923117433008883381e-05 4.923117433008883381e-05 4.923117433008883381e-05 4.923117433008883381e-05 4.923117433008883381e-05
4.213927505356949155e+00 4.213927505356949155e+00 1.731701044280363533e+00 1.731701044280363533e+00 1.731701044280363533e+00 1.731701044280363533e+00 4.171119200321982134e-01 4.171119200321982134e-01 1.757187229713963461e-03 1.757187229713963461e-03 1.757187229713963461e-03 -1.132004817350207304e-03 -1.132004817350207304e-03 -1.132004817350207304e-03 -1.132004817350207304e-03
1.948681385999723403e+00 1.948681385999723403e+00 9.913315211493767265e-02 9.913315211493767265e-02 9.913315211493767265e-02 9.913315211493767265e-02 2.734657385392580409e-03 2.734657385392580409e-03 2.734657385392580409e-03 2.734657385392580409e-03 2.734657385392580409e-03 2.734657385392580409e-03 2.734657385392580409e-03 2.734657385392580409e-03 2.734657385392580409e-03
1.054207668126306174e+00 1.054207668126306174e+00 6.703450317464501040e-01 6.703450317464501040e-01 6.703450317464501040e-01 6.703450317464501040e-01 6.703450317464501040e-01 6.703450317464501040e-01 6.703450317464501040e-01 6.703450317464501040e-01 6.703450317464501040e-01 2.298643763144525565e-01 2.056838225115598107e-03 2.056838225115598107e-03 -4.309294004656294419e-05
4.587086865236881472e+00 6.835690486923340359e-01 6.835690486923340359e-01 3.833117666249563626e-02 -3.229456069675507024e-06 -3.229456069675507024e-06 -3.229456069675507024e-06 -3.229456069675507024e-06 -3.229456069675507024e-06 -3.229456069675507024e-06 -3.229456069675507024e-06 -3.229456069675507024e-06 -3.229456069675507024e-06 -3.229456069675507024e-06 -3.229456069675507024e-06
2.603161290077945722e+00 5.115614458716835067e-01 4.720970705606664097e-01 4.720970705606664097e-01 4.720970705606664097e-01 4.720970705606664097e-01 4.159070435371177155e-01 4.159070435371177155e-01 1.971094238842852064e-01 1.971094238842852064e-01 7.781679565596277826e-03 7.781679565596277826e-03 3.391132449905853719e-04 3.391132449905853719e-04 3.391132449905853719e-04
6.497242821519193967e+00 1.291712357070764483e-01 1.291712357070764483e-01 5.019039255728330318e-03 3.430297562658779498e-04 3.430297562658779498e-04 3.430297562658779498e-04 3.430297562658779498e-04 3.430297562658779498e-04 3.430297562658779498e-04 3.430297562658779498e-04 3.430297562658779498e-04 3.430297562658779498e-04 3.430297562658779498e-04 3.430297562658779498e-04
2.615118288459774121e+00 2.615118288459774121e+00 2.615118288459774121e+00 2.615118288459774121e+00 2.615118288459774121e+00 2.615118288459774121e+00 2.615118288459774121e+00 7.856959872489994723e-01 7.856959872489994723e-01 7.856959872489994723e-01 7.856959872489994723e-01 7.856959872489994723e-01 9.934478109745725760e-02 9.934478109745725760e-02 -8.603577012422647385e-05
3.097594300038531756e+00 8.127096451666915300e-01 8.127096451666915300e-01 8.127096451666915300e-01 3.168543368812208882e-01 3.168543368812208882e-01 3.168543368812208882e-01 9.525946063092760596e-03 9.525946063092760596e-03 9.525946063092760596e-03 9.525946063092760596e-03 9.525946063092760596e-03 9.525946063092760596e-03 9.525946063092760596e-03 9.525946063092760596e-03
2.788307056463708022e-01 2.788307056463708022e-01 1.404531494238856482e-01 1.404531494238856482e-01 1.404531494238856482e-01 1.005922628295952137e-01 1.005922628295952137e-01 1.005922628295952137e-01 1.005922628295952137e-01 1.005922628295952137e-01 1.005922628295952137e-01 1.005922628295952137e-01 1.005922628295952137e-01 1.005922628295952137e-01 1.005922628295952137e-01
3.276093167066342460e+00 1.396566441487721022e+00 1.134307221946073696e-02 1.134307221946073696e-02 4.372010652332392056e-03 4.372010652332392056e-03 4.372010652332392056e-03 4.372010652332392056e-03 4.372010652332392056e-03 4.372010652332392056e-03 4.372010652332392056e-03 4.372010652332392056e-03 4.372010652332392056e-03 4.372010652332392056e-03 4.372010652332392056e-03
2.046002904666375244e+00 1.355836718964248178e+00 1.489071538221651281e-01 1.489071538221651281e-01 1.489071538221651281e-01 1.489071538221651281e-01 1.489071538221651281e-01 1.489071538221651281e-01 1.489071538221651281e-01 1.489071538221651281e-01 1.022423992067160725e-01 1.278217478602527990e-02 5.822638054269191343e-04 5.822638054269191343e-04 5.822638054269191343e-04
4.068157440896637667e+00 2.742512206272852637e+00 2.742512206272852637e+00 1.189248316203578071e+00 3.890047169173165287e-01 3.890047169173165287e-01 9.490254657187335852e-04 9.490254657187335852e-04 9.490254657187335852e-04 9.490254657187335852e-04 9.490254657187335852e-04 9.490254657187335852e-04 9.490254657187335852e-04 9.490254657187335852e-04 9.490254657187335852e-04
4.973496408393316415e-01 2.367171594357841968e-03 1.124149212898828409e-03 1.281310678109548462e-04 1.042010725882391853e-04 -4.693943452593885013e-05 -4.693943452593885013e-05 -4.693943452593885013e-05 -4.693943452593885013e-05 -4.693943452593885013e-05 -4.693943452593885013e-05 -4.693943452593885013e-05 -4.693943452593885013e-05 -4.693943452593885013e-05 -4.693943452593885013e-05
9.899748815711717498e-01 9.899748815711717498e-01 1.764516424747881729e-01 1.764516424747881729e-01 4.532239497123669025e-03 4.532239497123669025e-03 4.532239497123669025e-03 4.532239497123669025e-03 4.532239497123669025e-03 4.532239497123669025e-03 4.532239497123669025e-03 4.532239497123669025e-03 4.532239497123669025e-03 4.532239497123669025e-03 4.532239497123669025e-03
3.755625409116664315e+00 3.755625409116664315e+00 3.755625409116664315e+00 3.755625409116664315e+00 3.755625409116664315e+00 5.958408799824610469e-02 1.708747444536129478e-02 1.708747444536129478e-02 1.708747444536129478e-02 1.708747444536129478e-02 1.708747444536129478e-02 1.708747444536129478e-02 1.708747444536129478e-02 1.708747444536129478e-02 1.708747444536129478e-02
2.697442656894850188e+00 2.580006858117030788e+00 1.220862813906478550e+00 7.927990982884693949e-01 7.927990982884693949e-01 7.927990982884693949e-01 1.084816117781883804e-03 5.205785296311660204e-04 5.205785296311660204e-04 5.205785296311660204e-04 5.205785296311660204e-04 -8.306148629344534129e-06 -8.306148629344534129e-06 -8.306148629344534129e-06 -8.306148629344534129e-06
7.706795848702086005e-01 3.524982883219536234e-01 3.524982883219536234e-01 8.728885688043419577e-02 8.728885688043419577e-02 8.728885688043419577e-02 3.700620605061999413e-02 3.700620605061999413e-02 3.700620605061999413e-02 3.700620605061999413e-02 3.700620605061999413e-02 3.700620605061999413e-02 3.700620605061999413e-02 3.700620605061999413e-02 3.700620605061999413e-02
1.881121787833556880e+00 6.586109744519035303e-01 6.402009562702914991e-02 6.402009562702914991e-02 1.961566438353656849e-02 1.961566438353656849e-02 1.961566438353656849e-02 1.961566438353656849e-02 1.961566438353656849e-02 1.961566438353656849e-02 1.961566438353656849e-02 9.676347704044019338e-04 9.676347704044019338e-04 9.676347704044019338e-04 9.676347704044019338e-04
4.836941754544996641e-01 4.494909801679227712e-01 4.494909801679227712e-01 5.350404309133693914e-02 5.350404309133693914e-02 1.403506633280926508e-03 -3.053561648869163037e-05 -3.053561648869163037e-05 -3.053561648869163037e-05 -3.053561648869163037e-05 -3.053561648869163037e-05 -3.053561648869163037e-05 -3.053561648869163037e-05 -3.053561648869163037e-05 -3.053561648869163037e-05
5.035252170098203806e+00 1.980192200485362264e+00 1.980192200485362264e+00 1.980192200485362264e+00 3.130745537005026335e-01 3.130745537005026335e-01 3.130745537005026335e-01 3.130745537005026335e-01 3.130745537005026335e-01 3.130745537005026335e-01 2.639863756998011013e-01 2.639863756998011013e-01 8.459472182084937231e-02 5.192521332446631277e-04 5.192521332446631277e-04
1.796078404272201112e+00 1.796078404272201112e+00 1.796078404272201112e+00 1.796078404272201112e+00 1.796078404272201112e+00 1.796078404272201112e+00 1.796078404272201112e+00 1.796078404272201112e+00 1.480090943771529055e+00 1.480090943771529055e+00 1.217414799630788025e+00 1.217414799630788025e+00 1.217414799630788025e+00 1.217414799630788025e+00 1.217414799630788025e+00
4.820027486142826945e+00 2.151085966343508460e+00 2.151085966343508460e+00 4.640308738759983953e-01 2.589775035124830538e-02 2.589775035124830538e-02 -1.068490482225570304e-04 -1.068490482225570304e-04 -1.068490482225570304e-04 -1.068490482225570304e-04 -1.068490482225570304e-04 -1.068490482225570304e-04 -1.068490482225570304e-04 -1.068490482225570304e-04 -1.068490482225570304e-04
1.912128815562242679e+00 1.912128815562242679e+00 1.912128815562242679e+00 1.912128815562242679e+00 1.461453978171448398e+00 1.461453978171448398e+00 1.461453978171448398e+00 1.461453978171448398e+00 1.461453978171448398e+00 1.461453978171448398e+00 1.461453978171448398e+00 5.812856639477104181e-01 5.812856639477104181e-01 5.812856639477104181e-01 5.812856639477104181e-01
2.432586461810106293e+00 2.432586461810106293e+00 9.674108052724363915e-01 9.674108052724363915e-01 9.674108052724363915e-01 9.674108052724363915e-01 9.674108052724363915e-01 9.674108052724363915e-01 7.860939741024139948e-01 7.860939741024139948e-01 1.758937069508732520e-01 1.585617439161524089e-03 1.585617439161524089e-03 1.585617439161524089e-03 1.585617439161524089e-03
4.794411872375738071e+00 4.794411872375738071e+00 4.794411872375738071e+00 5.510852095697202913e-01 5.510852095697202913e-01 5.510852095697202913e-01 5.510852095697202913e-01 5.510852095697202913e-01 5.510852095697202913e-01 3.242448638769985791e-01 2.726780040056553389e-03 2.726780040056553389e-03 2.726780040056553389e-03 -3.362984069710250878e-04 -3.362984069710250878e-04
