6.433710709678755357e+00 2.316943574400838202e-01 2.316943574400838202e-01 2.316943574400838202e-01 2.316943574400838202e-01 2.316943574400838202e-01 2.316943574400838202e-01 1.346802095394394883e-02 1.346802095394394883e-02 1.346802095394394883e-02 1.346802095394394883e-02 1.346802095394394883e-02 1.346802095394394883e-02 1.346802095394394883e-02 1.346802095394394883e-02
1.647834191717503671e+00 1.647834191717503671e+00 1.381275043490063581e+00 1.381275043490063581e+00 1.381275043490063581e+00 2.330748665323341129e-01 2.330748665323341129e-01 1.050365690215357972e-01 2.435242065899956287e-03 2.435242065899956287e-03 2.435242065899956287e-03 2.435242065899956287e-03 2.435242065899956287e-03 2.435242065899956287e-03 2.435242065899956287e-03
3.447014429633093791e+00 3.447014429633093791e+00 3.447014429633093791e+00 9.128545374823602288e-01 9.251312211671347541e-02 9.251312211671347541e-02 9.251312211671347541e-02 9.251312211671347541e-02 9.251312211671347541e-02 9.251312211671347541e-02 9.251312211671347541e-02 9.251312211671347541e-02 9.251312211671347541e-02 9.251312211671347541e-02 9.251312211671347541e-02
1.932146143309240838e+00 1.932146143309240838e+00 1.932146143309240838e+00 1.594087199735234606e+00 1.594087199735234606e+00 1.594087199735234606e+00 1.594087199735234606e+00 1.594087199735234606e+00 1.594087199735234606e+00 9.588482764536578884e-01 9.588482764536578884e-01 9.588482764536578884e-01 9.588482764536578884e-01 3.465849382626728925e-01 3.789472509588165394e-03
1.091624029513695859e-01 1.091624029513695859e-01 1.091624029513695859e-01 1.091624029513695859e-01 1.091624029513695859e-01 1.091624029513695859e-01 1.091624029513695859e-01 1.091624029513695859e-01 1.091624029513695859e-01 1.091624029513695859e-01 1.091624029513695859e-01 1.091624029513695859e-01 4.518811959997037775e-03 4.518811959997037775e-03 4.518811959997037775e-03
2.046766475371327942e+00 2.046766475371327942e+00 2.046766475371327942e+00 1.563518943071642298e+00 1.563518943071642298e+00 1.563518943071642298e+00 9.103915652299860994e-01 9.103915652299860994e-01 9.103915652299860994e-01 9.103915652299860994e-01 9.103915652299860994e-01 9.103915652299860994e-01 9.103915652299860994e-01 9.103915652299860994e-01 9.103915652299860994e-01
3.682421884252960353e+00 3.682421884252960353e+00 3.392882219538250865e+00 3.392882219538250865e+00 3.217945271316921207e+00 3.217945271316921207e+00 2.269838972311617908e+00 9.084349214856501931e-02 9.084349214856501931e-02 9.084349214856501931e-02 9.084349214856501931e-02 3.418796036999083299e-02 3.418796036999083299e-02 3.418796036999083299e-02 3.418796036999083299e-02
3.396286892879082586e+00 2.191957971516741210e+00 1.075102547302163813e+00 1.075102547302163813e+00 1.176182418445943512e-01 1.176182418445943512e-01 1.176182418445943512e-01 1.176182418445943512e-01 1.176182418445943512e-01 1.176182418445943512e-01 1.176182418445943512e-01 1.176182418445943512e-01 1.176182418445943512e-01 1.176182418445943512e-01 1.176182418445943512e-01
3.795084325637205325e+00 6.684638649842185032e-01 6.684638649842185032e-01 6.684638649842185032e-01 6.875356295493872949e-02 6.875356295493872949e-02 -3.950819209265432619e-03 -3.950819209265432619e-03 -3.950819209265432619e-03 -3.950819209265432619e-03 -3.950819209265432619e-03 -3.950819209265432619e-03 -3.950819209265432619e-03 -3.950819209265432619e-03 -3.950819209265432619e-03
2.527257080805000555e+00 1.420107864847025780e+00 1.420107864847025780e+00 1.420107864847025780e+00 1.420107864847025780e+00 7.003042539177357639e-01 7.003042539177357639e-01 1.290871721069208888e-02 1.290871721069208888e-02 1.290871721069208888e-02 1.290871721069208888e-02 1.290871721069208888e-02 1.290871721069208888e-02 1.290871721069208888e-02 1.290871721069208888e-02
5.519600478560603207e+00 3.708766801770748245e+00 3.708766801770748245e+00 2.659804301305554119e+00 3.459168466581257206e-01 3.459168466581257206e-01 1.866595698478601406e-01 1.866595698478601406e-01 1.866595698478601406e-01 1.866595698478601406e-01 3.762882907905051866e-03 3.762882907905051866e-03 3.762882907905051866e-03 3.762882907905051866e-03 3.762882907905051866e-03
2.587064035449486710e-01 2.587064035449486710e-01 2.587064035449486710e-01 2.587064035449486710e-01 2.587064035449486710e-01 3.105712936792315304e-02 3.105712936792315304e-02 3.105712936792315304e-02 3.105712936792315304e-02 3.105712936792315304e-02 3.105712936792315304e-02 3.105712936792315304e-02 6.968505737120267440e-03 6.968505737120267440e-03 6.968505737120267440e-03
4.645271745685391807e+00 2.335441313070560909e+00 2.335441313070560909e+00 2.335441313070560909e+00 2.335441313070560909e+00 2.335441313070560909e+00 2.335441313070560909e+00 8.862112585373722595e-01 8.862112585373722595e-01 8.862112585373722595e-01 6.766035444121598630e-02 6.766035444121598630e-02 6.766035444121598630e-02 6.766035444121598630e-02 6.766035444121598630e-02
3.472867171894167271e+00 2.126191495354220251e+00 2.142135578479340552e-01 2.142135578479340552e-01 2.142135578479340552e-01 2.142135578479340552e-01 2.142135578479340552e-01 2.142135578479340552e-01 2.142135578479340552e-01 2.142135578479340552e-01 2.142135578479340552e-01 2.142135578479340552e-01 2.142135578479340552e-01 2.142135578479340552e-01 -2.617514396298759038e-03
1.034717347986585878e+00 1.034717347986585878e+00 1.034717347986585878e+00 1.034717347986585878e+00 1.034717347986585878e+00 1.034717347986585878e+00 1.034717347986585878e+00 1.034717347986585878e+00 3.703481515662758738e-01 3.703481515662758738e-01 3.703481515662758738e-01 3.494440053671468149e-01 3.494440053671468149e-01 3.494440053671468149e-01 3.494440053671468149e-01
1.150690712120306713e+00 3.181923977485450195e-01 3.181923977485450195e-01 3.181923977485450195e-01 3.181923977485450195e-01 3.181923977485450195e-01 3.181923977485450195e-01 3.181923977485450195e-01 5.310715302716850772e-02 5.310715302716850772e-02 5.310715302716850772e-02 5.310715302716850772e-02 5.310715302716850772e-02 5.310715302716850772e-02 5.310715302716850772e-02
6.063956796792353998e+00 5.307109329749266635e+00 4.283164674409647432e+00 1.164293804986328951e+00 1.164293804986328951e+00 1.038940791535623021e+00 1.038940791535623021e+00 1.038940791535623021e+00 1.038940791535623021e+00 1.038940791535623021e+00 1.038940791535623021e+00 1.038940791535623021e+00 1.038940791535623021e+00 1.038940791535623021e+00 1.038940791535623021e+00
5.086002285913906462e+00 1.295426680353557458e-01 1.295426680353557458e-01 1.295426680353557458e-01 1.295426680353557458e-01 1.295426680353557458e-01 -3.039082425004835386e-04 -3.039082425004835386e-04 -3.039082425004835386e-04 -3.039082425004835386e-04 -3.039082425004835386e-04 -3.039082425004835386e-04 -3.039082425004835386e-04 -3.039082425004835386e-04 -3.039082425004835386e-04
5.245384791956752224e+00 5.245384791956752224e+00 3.256664986228145153e+00 8.062077636585200935e-01 6.168729726852006934e-04 6.168729726852006934e-04 6.168729726852006934e-04 6.168729726852006934e-04 6.168729726852006934e-04 6.168729726852006934e-04 6.168729726852006934e-04 6.168729726852006934e-04 6.168729726852006934e-04 6.168729726852006934e-04 6.168729726852006934e-04
4.900155079211288012e+00 4.900155079211288012e+00 2.266758886989101995e+00 1.458635249483535290e-01 1.458635249483535290e-01 6.424782332828726794e-02 6.424782332828726794e-02 6.424782332828726794e-02 6.424782332828726794e-02 6.424782332828726794e-02 6.424782332828726794e-02 5.649805889962067340e-02 2.182841346325403720e-03 2.182841346325403720e-03 2.182841346325403720e-03
4.917134077767570943e+00 4.917134077767570943e+00 1.969210878159401545e+00 5.423788404762035498e-01 5.423788404762035498e-01 7.225997283285323647e-03 7.225997283285323647e-03 7.225997283285323647e-03 7.225997283285323647e-03 7.225997283285323647e-03 7.225997283285323647e-03 7.225997283285323647e-03 7.225997283285323647e-03 7.225997283285323647e-03 7.225997283285323647e-03
2.491873692241150628e+00 2.491873692241150628e+00 2.491873692241150628e+00 1.811623450933844914e+00 1.811623450933844914e+00 1.811623450933844914e+00 1.811623450933844914e+00 1.811623450933844914e+00 1.811623450933844914e+00 6.384670543702180012e-01 6.384670543702180012e-01 2.904493311322733362e-01 2.904493311322733362e-01 2.904493311322733362e-01 1.506455829607569186e-01
2.005845242660510230e+00 9.295855394578893538e-01 9.295855394578893538e-01 9.295855394578893538e-01 9.295855394578893538e-01 9.295855394578893538e-01 9.295855394578893538e-01 9.295855394578893538e-01 9.295855394578893538e-01 -1.323170700118225795e-03 -1.323170700118225795e-03 -1.323170700118225795e-03 -1.323170700118225795e-03 -1.323170700118225795e-03 -1.323170700118225795e-03
3.302863570498260515e+00 9.507954459627399046e-02 9.507954459627399046e-02 9.507954459627399046e-02 9.507954459627399046e-02 9.507954459627399046e-02 9.507954459627399046e-02 9.507954459627399046e-02 5.058300652535763220e-03 5.058300652535763220e-03 5.058300652535763220e-03 5.058300652535763220e-03 5.058300652535763220e-03 5.058300652535763220e-03 5.058300652535763220e-03
3.916592814147196400e+00 3.332662263138274739e+00 3.039356355923814590e-01 1.395972190243242039e-01 1.395972190243242039e-01 1.395972190243242039e-01 1.395972190243242039e-01 1.395972190243242039e-01 1.395972190243242039e-01 1.395972190243242039e-01 5.774274127929857059e-04 5.774274127929857059e-04 5.774274127929857059e-04 5.774274127929857059e-04 5.774274127929857059e-04
3.782552167843057589e+00 3.590820682293269783e-01 3.590820682293269783e-01 1.815754703784477897e-03 1.815754703784477897e-03 1.815754703784477897e-03 1.815754703784477897e-03 1.815754703784477897e-03 1.815754703784477897e-03 1.815754703784477897e-03 1.815754703784477897e-03 1.815754703784477897e-03 1.815754703784477897e-03 1.815754703784477897e-03 1.815754703784477897e-03
1.660210868213995994e+00 6.081687354847531424e-02 6.081687354847531424e-02 6.081687354847531424e-02 1.273755547924793063e-02 1.273755547924793063e-02 1.273755547924793063e-02 1.273755547924793063e-02 1.273755547924793063e-02 1.067838360233963613e-02 1.067838360233963613e-02 9.558440439150217571e-06 9.558440439150217571e-06 9.558440439150217571e-06 9.558440439150217571e-06
1.368644734230414883e+00 1.368644734230414883e+00 4.297614536171749933e-01 4.297614536171749933e-01 4.297614536171749933e-01 4.297614536171749933e-01 4.297614536171749933e-01 4.297614536171749933e-01 1.473459046601846012e-01 1.473459046601846012e-01 1.473459046601846012e-01 1.574304188523001358e-05 1.574304188523001358e-05 1.574304188523001358e-05 1.574304188523001358e-05
5.457321281401848800e+00 5.141902380797546357e+00 4.924080835849931503e+00 4.924080835849931503e+00 4.519650318857202365e-01 4.519650318857202365e-01 4.519650318857202365e-01 4.519650318857202365e-01 4.519650318857202365e-01 3.363565444877849586e-01 3.363565444877849586e-01 3.363565444877849586e-01 3.363565444877849586e-01 3.363565444877849586e-01 9.640848088793063653e-02
1.279401191958186246e+00 1.279401191958186246e+00 1.279401191958186246e+00 6.861239441168436315e-01 1.973235600703446835e-01 1.973235600703446835e-01 5.270087966891878750e-03 5.270087966891878750e-03 5.270087966891878750e-03 5.270087966891878750e-03 5.270087966891878750e-03 5.270087966891878750e-03 5.270087966891878750e-03 5.270087966891878750e-03 5.270087966891878750e-03
3.129129034521147545e-01 3.129129034521147545e-01 3.129129034521147545e-01 7.728990525521339805e-02 7.728990525521339805e-02 7.728990525521339805e-02 7.728990525521339805e-02 7.728990525521339805e-02 7.728990525521339805e-02 7.728990525521339805e-02 7.728990525521339805e-02 7.728990525521339805e-02 7.728990525521339805e-02 7.728990525521339805e-02 7.728990525521339805e-02
4.066489432136535243e-01 1.793866878179244395e-01 1.793866878179244395e-01 2.069953965002468976e-02 2.069953965002468976e-02 2.069953965002468976e-02 2.069953965002468976e-02 5.684368180233434487e-03 5.684368180233434487e-03 5.684368180233434487e-03 5.684368180233434487e-03 5.684368180233434487e-03 5.684368180233434487e-03 5.684368180233434487e-03 5.684368180233434487e-03
1.044119092632758594e+00 1.044119092632758594e+00 1.027005773657009513e+00 5.011382100665286998e-01 5.011382100665286998e-01 5.011382100665286998e-01 5.011382100665286998e-01 5.011382100665286998e-01 5.011382100665286998e-01 5.011382100665286998e-01 4.291881052213284420e-01 4.291881052213284420e-01 4.291881052213284420e-01 3.734274499278740223e-01 5.044399493817763869e-02
6.586077135779461855e+00 5.669212065497504227e+00 4.417513717823567276e+00 4.010200293383377357e+00 4.010200293383377357e+00 4.010200293383377357e+00 4.010200293383377357e+00 4.010200293383377357e+00 4.010200293383377357e+00 4.011411429346480872e-01 1.107748986953538406e-01 1.107748986953538406e-01 -6.860432365556334844e-04 -6.860432365556334844e-04 -6.860432365556334844e-04
2.302465639763129346e+00 2.302465639763129346e+00 2.302465639763129346e+00 2.302465639763129346e+00 2.302465639763129346e+00 2.302465639763129346e+00 2.302465639763129346e+00 2.302465639763129346e+00 1.651773334270299820e+00 1.421836906591853911e+00 1.134289338021305937e-01 1.134289338021305937e-01 1.134289338021305937e-01 1.134289338021305937e-01 1.134289338021305937e-01
4.947231961164689551e+00 2.030076771010627112e+00 7.748053052223582426e-01 7.413564808804551376e-02 7.413564808804551376e-02 9.705928541180242064e-03 9.705928541180242064e-03 9.705928541180242064e-03 2.180983261851565658e-03 2.180983261851565658e-03 2.180983261851565658e-03 2.180983261851565658e-03 2.180983261851565658e-03 2.180983261851565658e-03 2.180983261851565658e-03
2.800360010862107174e+00 1.324632098158474491e+00 1.324632098158474491e+00 1.324632098158474491e+00 1.324632098158474491e+00 1.324632098158474491e+00 1.000234380404663170e-02 1.000234380404663170e-02 1.000234380404663170e-02 1.000234380404663170e-02 1.000234380404663170e-02 1.000234380404663170e-02 1.000234380404663170e-02 1.000234380404663170e-02 1.000234380404663170e-02
1.107204121042125067e+00 7.043362906142647262e-02 7.043362906142647262e-02 7.043362906142647262e-02 7.043362906142647262e-02 7.043362906142647262e-02 7.043362906142647262e-02 7.043362906142647262e-02 7.043362906142647262e-02 7.043362906142647262e-02 7.043362906142647262e-02 6.153176820726002916e-02 6.153176820726002916e-02 6.153176820726002916e-02 6.153176820726002916e-02
3.669280483524474334e+00 1.226621264522975707e-02 1.226621264522975707e-02 1.226621264522975707e-02 1.226621264522975707e-02 1.226621264522975707e-02 1.226621264522975707e-02 1.226621264522975707e-02 1.226621264522975707e-02 1.226621264522975707e-02 1.226621264522975707e-02 1.226621264522975707e-02 1.226621264522975707e-02 1.226621264522975707e-02 1.226621264522975707e-02
3.573278479341354341e+00 3.573278479341354341e+00 3.134912926214894924e+00 3.134912926214894924e+00 3.134912926214894924e+00 2.063226812093546414e+00 2.063226812093546414e+00 1.922397139861004689e+00 2.173699263236130719e-01 2.173699263236130719e-01 2.173699263236130719e-01 8.586914303805315285e-04 8.586914303805315285e-04 8.586914303805315285e-04 8.586914303805315285e-04
5.889758299787786200e+00 5.889758299787786200e+00 5.889758299787786200e+00 5.804413634709064240e+00 5.804413634709064240e+00 5.804413634709064240e+00 7.124244697762946998e-01 7.124244697762946998e-01 1.563848514538790369e-01 1.563848514538790369e-01 1.574698623733183922e-02 1.142480704277204495e-02 1.142480704277204495e-02 1.142480704277204495e-02 1.142480704277204495e-02
4.672707594707240730e+00 2.401674223687940923e+00 2.401674223687940923e+00 2.401674223687940923e+00 1.283309529675591421e-03 1.283309529675591421e-03 1.283309529675591421e-03 1.283309529675591421e-03 1.283309529675591421e-03 1.283309529675591421e-03 1.283309529675591421e-03 1.283309529675591421e-03 1.283309529675591421e-03 1.283309529675591421e-03 1.283309529675591421e-03
5.212509260192518923e+00 2.784232483300684180e+00 2.784232483300684180e+00 3.152356250109278335e-01 3.152356250109278335e-01 3.152356250109278335e-01 3.152356250109278335e-01 3.152356250109278335e-01 1.841009231804946467e-02 1.841009231804946467e-02 1.841009231804946467e-02 1.841009231804946467e-02 1.841009231804946467e-02 1.841009231804946467e-02 1.841009231804946467e-02
3.008617120426748670e+00 3.008617120426748670e+00 2.733156931047034277e+00 1.988057457723400034e+00 1.036520682069848931e+00 1.036520682069848931e+00 1.036520682069848931e+00 9.492925799150242483e-01 9.492925799150242483e-01 9.492925799150242483e-01 6.451562920333913098e-01 3.169636485172304674e-01 3.169636485172304674e-01 2.778249579455405183e-02 2.778249579455405183e-02
2.991641919341155642e+00 2.991641919341155642e+00 2.991641919341155642e+00 1.069332145602356121e+00 1.069332145602356121e+00 1.069332145602356121e+00 7.579559234155830438e-01 7.579559234155830438e-01 7.579559234155830438e-01 1.488641119527756018e-02 1.488641119527756018e-02 1.488641119527756018e-02 1.488641119527756018e-02 1.488641119527756018e-02 1.488641119527756018e-02
1.836573450740090152e+00 1.836573450740090152e+00 1.410377194240936660e+00 3.537579786716378294e-01 8.376406612205755664e-02 8.376406612205755664e-02 8.376406612205755664e-02 8.376406612205755664e-02 6.535938181605160935e-02 6.535938181605160935e-02 6.535938181605160935e-02 6.535938181605160935e-02 6.535938181605160935e-02 6.535938181605160935e-02 6.535938181605160935e-02
2.304037313323419767e+00 4.898229004069776238e-01 4.898229004069776238e-01 1.867421791706647127e-02 1.867421791706647127e-02 1.867421791706647127e-02 1.867421791706647127e-02 1.867421791706647127e-02 1.867421791706647127e-02 1.867421791706647127e-02 1.867421791706647127e-02 1.867421791706647127e-02 1.867421791706647127e-02 1.867421791706647127e-02 2.170818006391073141e-03
1.730162264675449535e+00 5.242551599358478143e-01 5.242551599358478143e-01 5.242551599358478143e-01 5.242551599358478143e-01 5.242551599358478143e-01 5.242551599358478143e-01 5.242551599358478143e-01 5.242551599358478143e-01 5.242551599358478143e-01 5.242551599358478143e-01 1.223854704083180422e-01 1.223854704083180422e-01 1.223854704083180422e-01 1.223854704083180422e-01
3.953346142212353698e+00 3.291607370538088162e+00 3.291607370538088162e+00 2.870032975035599065e+00 2.870032975035599065e+00 2.196888430821928750e+00 1.625628059362441036e+00 1.625628059362441036e+00 1.625628059362441036e+00 3.022646491606337804e-01 2.275464697809752579e-01 1.877846820163995289e-01 1.877846820163995289e-01 1.877846820163995289e-01 1.877846820163995289e-01
9.677653671836139893e+00 7.720573788500246337e+00 7.720573788500246337e+00 4.411251492928244033e+00 4.411251492928244033e+00 4.411251492928244033e+00 4.411251492928244033e+00 4.411251492928244033e+00 1.783097067806181713e+00 1.783097067806181713e+00 1.134161467177818849e-04 1.134161467177818849e-04 1.134161467177818849e-04 1.134161467177818849e-04 1.134161467177818849e-04
2.151364138162206174e-01 2.151364138162206174e-01 2.151364138162206174e-01 2.151364138162206174e-01 2.151364138162206174e-01 2.151364138162206174e-01 2.119863881749051160e-02 2.119863881749051160e-02 2.119863881749051160e-02 2.119863881749051160e-02 2.119863881749051160e-02 2.119863881749051160e-02 2.119863881749051160e-02 2.119863881749051160e-02 2.119863881749051160e-02
2.557580078163844917e+00 1.615068057367523124e+00 1.615068057367523124e+00 1.615068057367523124e+00 1.615068057367523124e+00 1.466863520997890191e+00 6.339964929632060375e-01 6.339964929632060375e-01 4.217946831545305031e-02 4.217946831545305031e-02 1.189982182245330478e-02 1.189982182245330478e-02 1.189982182245330478e-02 4.684292635147357942e-03 4.684292635147357942e-03
1.706745059720410129e+00 1.440393271680790122e+00 7.445420713941928170e-01 7.445420713941928170e-01 7.445420713941928170e-01 7.445420713941928170e-01 7.445420713941928170e-01 3.529465437603107603e-01 3.529465437603107603e-01 5.102970083243008048e-02 5.102970083243008048e-02 5.102970083243008048e-02 5.102970083243008048e-02 5.102970083243008048e-02 5.102970083243008048e-02
2.309521642364185112e+00 2.309521642364185112e+00 2.309521642364185112e+00 2.309521642364185112e+00 9.221617721282626690e-02 9.221617721282626690e-02 7.922922636410589803e-03 7.922922636410589803e-03 7.922922636410589803e-03 7.922922636410589803e-03 7.922922636410589803e-03 7.922922636410589803e-03 7.922922636410589803e-03 7.922922636410589803e-03 7.922922636410589803e-03
4.223883010832765628e+00 2.755843828527646089e+00 2.755843828527646089e+00 2.065569971675516037e+00 7.656318662296834887e-01 7.656318662296834887e-01 7.656318662296834887e-01 7.656318662296834887e-01 3.998558889990455611e-03 3.998558889990455611e-03 3.998558889990455611e-03 3.998558889990455611e-03 3.998558889990455611e-03 3.998558889990455611e-03 3.998558889990455611e-03
6.516472230471286764e+00 5.968503896430433997e+00 5.968503896430433997e+00 5.968503896430433997e+00 5.968503896430433997e+00 5.968503896430433997e+00 5.968503896430433997e+00 2.296908926109182403e+00 1.652720079332567593e+00 8.345151223347784253e-01 5.568792730241511890e-02 8.222689619969969499e-04 8.222689619969969499e-04 8.222689619969969499e-04 8.222689619969969499e-04
2.382514246127811930e+00 2.382514246127811930e+00 2.382514246127811930e+00 2.382514246127811930e+00 2.382514246127811930e+00 2.382514246127811930e+00 2.382514246127811930e+00 5.730611775312581813e-01 8.460932800790033070e-02 8.460932800790033070e-02 8.460932800790033070e-02 8.460932800790033070e-02 8.460932800790033070e-02 8.460932800790033070e-02 3.427130050033611042e-02
3.029187958874224762e+00 3.029187958874224762e+00 3.029187958874224762e+00 1.102024904060506572e+00 1.102024904060506572e+00 1.102024904060506572e+00 5.599115470997801935e-01 5.599115470997801935e-01 5.599115470997801935e-01 4.522357562415280086e-01 4.522357562415280086e-01 4.981518920601502032e-04 4.981518920601502032e-04 4.981518920601502032e-04 4.981518920601502032e-04
1.329820180240858463e+00 1.329820180240858463e+00 1.329820180240858463e+00 1.329820180240858463e+00 1.329820180240858463e+00 1.329820180240858463e+00 3.516348150900512337e-01 3.516348150900512337e-01 3.516348150900512337e-01 3.516348150900512337e-01 3.516348150900512337e-01 3.516348150900512337e-01 3.516348150900512337e-01 3.516348150900512337e-01 3.516348150900512337e-01
3.076451564941762307e+00 3.076451564941762307e+00 3.076451564941762307e+00 3.076451564941762307e+00 3.076451564941762307e+00 2.432758948303046509e+00 2.432758948303046509e+00 2.138096219366659057e+00 1.682478171436002867e+00 1.682478171436002867e+00 2.834336094886111823e-01 2.834336094886111823e-01 2.163105464508419118e-01 2.163105464508419118e-01 2.163105464508419118e-01
1.540909461206183551e+00 3.261765475546098969e-01 3.261765475546098969e-01 3.261765475546098969e-01 3.261765475546098969e-01 3.261765475546098969e-01 3.261765475546098969e-01 3.261765475546098969e-01 3.261765475546098969e-01 3.261765475546098969e-01 7.346833803057961632e-02 7.346833803057961632e-02 7.346833803057961632e-02 7.346833803057961632e-02 7.346833803057961632e-02
3.695130550161167093e+00 3.695130550161167093e+00 3.433444660577720242e+00 2.015814833880199330e+00 2.015814833880199330e+00 2.015814833880199330e+00 2.008237169155677293e+00 2.008237169155677293e+00 1.134266629310332064e-01 1.134266629310332064e-01 1.134266629310332064e-01 5.797263192266655096e-02 5.797263192266655096e-02 2.858667437010353751e-03 2.858667437010353751e-03
2.908673402513883843e+00 2.908673402513883843e+00 2.908673402513883843e+00 2.908673402513883843e+00 2.575149522525748580e+00 2.575149522525748580e+00 1.579190106863279652e-01 8.623024172902660212e-02 3.413725618088392366e-02 3.413725618088392366e-02 3.413725618088392366e-02 3.413725618088392366e-02 3.413725618088392366e-02 3.413725618088392366e-02 3.413725618088392366e-02
4.026499698302156816e+00 4.026499698302156816e+00 4.026499698302156816e+00 3.126216649219031751e+00 3.126216649219031751e+00 3.126216649219031751e+00 2.936462395067735542e+00 1.067866381642090801e+00 1.067866381642090801e+00 1.067866381642090801e+00 8.375776282224478564e-02 8.375776282224478564e-02 2.852710299754335210e-02 2.852710299754335210e-02 2.852710299754335210e-02
1.491134147536167021e+00 1.491134147536167021e+00 1.135619453350720676e+00 1.135619453350720676e+00 1.135619453350720676e+00 1.135619453350720676e+00 1.135619453350720676e+00 1.135619453350720676e+00 8.861220378518623875e-01 8.861220378518623875e-01 8.861220378518623875e-01 8.861220378518623875e-01 8.861220378518623875e-01 2.805600595983719359e-01 1.309947845766146202e-01
8.013837620620734015e-01 8.013837620620734015e-01 4.650820197389293753e-02 3.291232712035707664e-02 3.291232712035707664e-02 3.291232712035707664e-02 3.291232712035707664e-02 3.291232712035707664e-02 3.291232712035707664e-02 3.291232712035707664e-02 3.291232712035707664e-02 3.291232712035707664e-02 3.291232712035707664e-02 3.291232712035707664e-02 3.291232712035707664e-02
2.544839228793671637e+00 2.280689352932085967e+00 2.280689352932085967e+00 3.295931410098091874e-01 3.295931410098091874e-01 2.561541234547348722e-01 1.108084341022959052e-01 1.108084341022959052e-01 1.108084341022959052e-01 1.108084341022959052e-01 1.108084341022959052e-01 1.108084341022959052e-01 3.546147072938765632e-03 3.546147072938765632e-03 3.546147072938765632e-03
7.811509494144278420e+00 7.811509494144278420e+00 5.899654236426329135e+00 5.010800902109386001e+00 4.630518023371649861e+00 3.564879575319395144e+00 3.564879575319395144e+00 3.564879575319395144e+00 3.564879575319395144e+00 3.564879575319395144e+00 3.564879575319395144e+00 3.564879575319395144e+00 3.229905245843440298e+00 3.229905245843440298e+00 0.000000000000000000e+00
9.206075659045552584e+00 7.399137258884252333e+00 2.263494550540713135e+00 6.982451074312621131e-01 6.982451074312621131e-01 2.417841261637931893e-02 2.417841261637931893e-02 2.417841261637931893e-02 2.417841261637931893e-02 2.417841261637931893e-02 2.417841261637931893e-02 2.417841261637931893e-02 2.417841261637931893e-02 1.448520259145880118e-03 1.448520259145880118e-03
5.171907775320505607e-02 5.171907775320505607e-02 5.171907775320505607e-02 5.171907775320505607e-02 5.171907775320505607e-02 5.171907775320505607e-02 5.171907775320505607e-02 5.171907775320505607e-02 5.171907775320505607e-02 5.171907775320505607e-02 5.171907775320505607e-02 5.171907775320505607e-02 5.171907775320505607e-02 5.171907775320505607e-02 5.171907775320505607e-02
2.683822865038751448e+00 2.683822865038751448e+00 2.683822865038751448e+00 2.683822865038751448e+00 2.683822865038751448e+00 2.683822865038751448e+00 2.354982341998294260e+00 2.354982341998294260e+00 2.354982341998294260e+00 1.932846250993662807e+00 1.932846250993662807e+00 1.932846250993662807e+00 8.053432070290966749e-01 8.053432070290966749e-01 1.176708216204076507e-01
4.040235305397335885e+00 4.040235305397335885e+00 2.660826433484828613e-01 2.660826433484828613e-01 1.767745263962581248e-01 1.767745263962581248e-01 2.069145245368986252e-02 2.069145245368986252e-02 2.069145245368986252e-02 2.069145245368986252e-02 2.069145245368986252e-02 2.069145245368986252e-02 2.069145245368986252e-02 2.069145245368986252e-02 2.069145245368986252e-02
2.709767145299792901e-01 2.709767145299792901e-01 2.709767145299792901e-01 2.709767145299792901e-01 2.709767145299792901e-01 8.271674922616512049e-02 8.271674922616512049e-02 8.271674922616512049e-02 8.271674922616512049e-02 8.271674922616512049e-02 8.271674922616512049e-02 7.294942470434762072e-02 7.294942470434762072e-02 1.100909193849020085e-02 1.100909193849020085e-02
6.651061738995736050e-01 6.651061738995736050e-01 2.692235407814678183e-01 2.692235407814678183e-01 6.686314407215832034e-02 6.686314407215832034e-02 6.686314407215832034e-02 6.686314407215832034e-02 6.686314407215832034e-02 6.686314407215832034e-02 6.686314407215832034e-02 6.686314407215832034e-02 6.686314407215832034e-02 6.686314407215832034e-02 6.686314407215832034e-02
6.587277809640710302e-01 5.508582134272614894e-01 5.508582134272614894e-01 3.673603967206418019e-02 3.673603967206418019e-02 3.673603967206418019e-02 3.673603967206418019e-02 3.673603967206418019e-02 3.673603967206418019e-02 3.673603967206418019e-02 3.673603967206418019e-02 3.673603967206418019e-02 3.673603967206418019e-02 3.673603967206418019e-02 3.673603967206418019e-02
4.213927505356949155e+00 4.213927505356949155e+00 1.878179639200297402e+00 1.878179639200297402e+00 1.282900848443176756e+00 1.282900848443176756e+00 1.282900848443176756e+00 -2.899059405820025859e-03 -2.899059405820025859e-03 -2.899059405820025859e-03 -2.899059405820025859e-03 -2.899059405820025859e-03 -2.899059405820025859e-03 -2.899059405820025859e-03 -2.899059405820025859e-03
1.948681385999723403e+00 1.948681385999723403e+00 3.439432521544816268e-02 3.439432521544816268e-02 3.439432521544816268e-02 3.439432521544816268e-02 3.439432521544816268e-02 3.439432521544816268e-02 3.439432521544816268e-02 3.439432521544816268e-02 3.439432521544816268e-02 3.439432521544816268e-02 3.439432521544816268e-02 3.439432521544816268e-02 1.767967184886032328e-03
1.054207668126306174e+00 1.054207668126306174e+00 6.830078312793546047e-01 6.830078312793546047e-01 6.830078312793546047e-01 6.830078312793546047e-01 6.830078312793546047e-01 6.830078312793546047e-01 6.830078312793546047e-01 6.830078312793546047e-01 6.830078312793546047e-01 3.185172785137524443e-03 3.185172785137524443e-03 3.185172785137524443e-03 3.185172785137524443e-03
4.587086865236881472e+00 2.641105303725339581e+00 2.560001948359058588e-01 2.459069197568624077e-01 1.831716667766158935e-05 1.831716667766158935e-05 1.831716667766158935e-05 1.831716667766158935e-05 1.831716667766158935e-05 1.831716667766158935e-05 1.831716667766158935e-05 1.831716667766158935e-05 1.831716667766158935e-05 1.831716667766158935e-05 1.831716667766158935e-05
2.603161290077945722e+00 2.603161290077945722e+00 4.389688348148319541e-01 4.389688348148319541e-01 4.389688348148319541e-01 4.389688348148319541e-01 4.389688348148319541e-01 1.515200538324279478e-01 1.515200538324279478e-01 1.515200538324279478e-01 1.515200538324279478e-01 1.515200538324279478e-01 7.468940675425983500e-02 7.468940675425983500e-02 7.468940675425983500e-02
6.497242821519193967e+00 6.257381688629237715e-01 5.920002614112718220e-02 5.920002614112718220e-02 5.920002614112718220e-02 3.576038601693198871e-03 3.576038601693198871e-03 3.576038601693198871e-03 3.576038601693198871e-03 3.576038601693198871e-03 3.576038601693198871e-03 3.576038601693198871e-03 3.576038601693198871e-03 3.576038601693198871e-03 3.576038601693198871e-03
2.615118288459774121e+00 2.615118288459774121e+00 2.615118288459774121e+00 2.615118288459774121e+00 2.615118288459774121e+00 2.615118288459774121e+00 2.615118288459774121e+00 6.273504033362939936e-01 6.273504033362939936e-01 6.273504033362939936e-01 6.273504033362939936e-01 5.579413043467127409e-01 5.579413043467127409e-01 5.579413043467127409e-01 5.579413043467127409e-01
3.097594300038531756e+00 1.009408909972123070e+00 1.009408909972123070e+00 1.009408909972123070e+00 8.458847452735724914e-01 2.865215982837980846e-01 2.865215982837980846e-01 6.785691039226549037e-03 6.785691039226549037e-03 6.785691039226549037e-03 6.785691039226549037e-03 6.785691039226549037e-03 6.785691039226549037e-03 6.785691039226549037e-03 6.785691039226549037e-03
2.788307056463708022e-01 2.788307056463708022e-01 2.788307056463708022e-01 2.788307056463708022e-01 2.788307056463708022e-01 2.788307056463708022e-01 2.788307056463708022e-01 2.788307056463708022e-01 7.051264707680360289e-03 7.051264707680360289e-03 7.051264707680360289e-03 7.051264707680360289e-03 7.051264707680360289e-03 7.051264707680360289e-03 7.051264707680360289e-03
3.276093167066342460e+00 2.480957257775457947e+00 1.292571482777475467e+00 1.558229045576808858e-01 1.558229045576808858e-01 8.446847541335955611e-02 4.135670210871467134e-03 4.135670210871467134e-03 4.135670210871467134e-03 4.135670210871467134e-03 4.135670210871467134e-03 4.135670210871467134e-03 4.135670210871467134e-03 4.135670210871467134e-03 4.135670210871467134e-03
2.046002904666375244e+00 2.046002904666375244e+00 6.999607642210889935e-01 6.999607642210889935e-01 8.884634490819820485e-02 8.884634490819820485e-02 8.884634490819820485e-02 8.884634490819820485e-02 8.884634490819820485e-02 8.884634490819820485e-02 8.884634490819820485e-02 8.884634490819820485e-02 8.884634490819820485e-02 8.884634490819820485e-02 8.884634490819820485e-02
4.068157440896637667e+00 3.440214715481364038e+00 2.610033865098717598e+00 2.610033865098717598e+00 2.610033865098717598e+00 1.695954736852730349e+00 1.695954736852730349e+00 1.901276391723634163e-01 1.901276391723634163e-01 1.901276391723634163e-01 1.901276391723634163e-01 7.622258637798751124e-03 5.027575791519467430e-03 5.027575791519467430e-03 5.027575791519467430e-03
4.973496408393316415e-01 7.707902735268135075e-02 7.707902735268135075e-02 7.044447056063063428e-02 7.044447056063063428e-02 7.044447056063063428e-02 7.044447056063063428e-02 7.044447056063063428e-02 -2.655137052443024004e-06 -2.655137052443024004e-06 -2.655137052443024004e-06 -2.655137052443024004e-06 -2.655137052443024004e-06 -2.655137052443024004e-06 -2.655137052443024004e-06
9.899748815711717498e-01 9.899748815711717498e-01 2.808278083777366874e-01 2.808278083777366874e-01 4.453041231087695451e-03 4.453041231087695451e-03 4.453041231087695451e-03 4.453041231087695451e-03 4.453041231087695451e-03 4.453041231087695451e-03 4.453041231087695451e-03 4.453041231087695451e-03 4.453041231087695451e-03 4.453041231087695451e-03 4.453041231087695451e-03
3.755625409116664315e+00 3.755625409116664315e+00 3.755625409116664315e+00 3.755625409116664315e+00 3.755625409116664315e+00 3.532042495612586208e+00 6.546192306677767192e-02 6.546192306677767192e-02 6.546192306677767192e-02 6.546192306677767192e-02 6.546192306677767192e-02 6.546192306677767192e-02 6.546192306677767192e-02 6.546192306677767192e-02 6.546192306677767192e-02
2.697442656894850188e+00 2.131405772108337260e+00 2.131405772108337260e+00 9.280713335888322035e-01 9.280713335888322035e-01 6.880671741605510761e-01 6.880671741605510761e-01 6.880671741605510761e-01 6.880671741605510761e-01 3.153110094945077435e-02 3.153110094945077435e-02 3.153110094945077435e-02 3.153110094945077435e-02 3.153110094945077435e-02 3.153110094945077435e-02
7.706795848702086005e-01 6.466577365501677832e-01 6.466577365501677832e-01 6.466577365501677832e-01 6.466577365501677832e-01 2.308547496907635832e-01 2.308547496907635832e-01 2.308547496907635832e-01 2.308547496907635832e-01 2.308547496907635832e-01 2.308547496907635832e-01 2.308547496907635832e-01 2.308547496907635832e-01 2.308547496907635832e-01 2.308547496907635832e-01
1.881121787833556880e+00 4.032936232522388309e-01 4.032936232522388309e-01 7.818789403222581313e-02 7.391404812324253726e-03 7.391404812324253726e-03 7.391404812324253726e-03 7.391404812324253726e-03 7.391404812324253726e-03 7.391404812324253726e-03 7.391404812324253726e-03 7.391404812324253726e-03 7.391404812324253726e-03 7.391404812324253726e-03 7.391404812324253726e-03
4.836941754544996641e-01 4.836941754544996641e-01 2.649579180783234733e-03 2.649579180783234733e-03 2.649579180783234733e-03 2.649579180783234733e-03 2.649579180783234733e-03 2.649579180783234733e-03 2.649579180783234733e-03 2.649579180783234733e-03 2.649579180783234733e-03 2.649579180783234733e-03 2.649579180783234733e-03 2.649579180783234733e-03 2.649579180783234733e-03
5.035252170098203806e+00 2.770873344241636005e+00 2.770873344241636005e+00 1.955857058878109456e+00 3.130745537005026335e-01 3.130745537005026335e-01 3.130745537005026335e-01 3.130745537005026335e-01 3.130745537005026335e-01 3.130745537005026335e-01 3.130745537005026335e-01 3.130745537005026335e-01 3.130745537005026335e-01 8.764403037037027389e-02 8.764403037037027389e-02
1.796078404272201112e+00 1.796078404272201112e+00 1.796078404272201112e+00 1.796078404272201112e+00 1.796078404272201112e+00 1.796078404272201112e+00 1.796078404272201112e+00 1.796078404272201112e+00 1.120260795853369018e+00 1.120260795853369018e+00 1.120260795853369018e+00 1.120260795853369018e+00 1.120260795853369018e+00 1.027404366335304076e+00 1.027404366335304076e+00
4.820027486142826945e+00 2.151085966343508460e+00 2.151085966343508460e+00 2.151085966343508460e+00 7.863935394138366064e-01 3.145279727704064499e-02 3.145279727704064499e-02 3.145279727704064499e-02 3.145279727704064499e-02 3.145279727704064499e-02 3.145279727704064499e-02 3.145279727704064499e-02 3.145279727704064499e-02 3.145279727704064499e-02 3.145279727704064499e-02
1.912128815562242679e+00 1.912128815562242679e+00 1.912128815562242679e+00 1.912128815562242679e+00 1.825630220841958362e+00 1.784662505572669033e+00 1.784662505572669033e+00 9.555316687665253994e-01 9.555316687665253994e-01 9.555316687665253994e-01 9.555316687665253994e-01 5.731584776231102296e-01 5.731584776231102296e-01 5.731584776231102296e-01 5.731584776231102296e-01
2.432586461810106293e+00 2.432586461810106293e+00 9.934827360827966913e-01 9.934827360827966913e-01 9.934827360827966913e-01 9.934827360827966913e-01 9.934827360827966913e-01 9.934827360827966913e-01 9.934827360827966913e-01 9.934827360827966913e-01 9.645525731868929142e-01 9.645525731868929142e-01 6.771181720560122130e-01 1.758937069508732520e-01 8.839832538836844833e-02
4.794411872375738071e+00 4.794411872375738071e+00 4.794411872375738071e+00 5.528165665854487543e-01 5.528165665854487543e-01 5.528165665854487543e-01 5.528165665854487543e-01 5.528165665854487543e-01 5.528165665854487543e-01 5.528165665854487543e-01 5.528165665854487543e-01 2.882319961487240789e-01 3.370296635267777674e-03 3.370296635267777674e-03 3.370296635267777674e-03
