6.433710709678755357e+00 8.072743581737427121e-01 8.072743581737427121e-01 8.072743581737427121e-01 7.080677205293994803e-02 6.922118514367525677e-04 6.922118514367525677e-04 6.922118514367525677e-04 6.922118514367525677e-04 -5.970085641848754676e-05 -5.970085641848754676e-05 -5.970085641848754676e-05 -5.970085641848754676e-05 -5.970085641848754676e-05 -5.970085641848754676e-05
1.647834191717503671e+00 1.647834191717503671e+00 1.647834191717503671e+00 1.647834191717503671e+00 1.647834191717503671e+00 2.019321266485292199e-01 1.574759991797805014e-01 1.574759991797805014e-01 2.931605278115512192e-02 2.931605278115512192e-02 1.294529721178605541e-04 1.294529721178605541e-04 1.509354220274872205e-06 1.509354220274872205e-06 1.509354220274872205e-06
3.447014429633093791e+00 3.447014429633093791e+00 3.447014429633093791e+00 3.371758775507323946e+00 1.445570446891849770e+00 1.445570446891849770e+00 3.070599897542223289e-01 3.070599897542223289e-01 2.152715630057002727e-01 1.540220390199351641e-01 1.540220390199351641e-01 1.126310273124886407e-01 1.126310273124886407e-01 -2.063888888415021938e-05 -3.784869574019467109e-05
1.932146143309240838e+00 1.932146143309240838e+00 1.908042367638493886e+00 1.908042367638493886e+00 1.908042367638493886e+00 1.908042367638493886e+00 1.675965521920481649e+00 1.675965521920481649e+00 3.465849382626728925e-01 4.625099507342866900e-02 -1.082032518269215871e-04 -1.082032518269215871e-04 -1.082032518269215871e-04 -1.343999974565690536e-04 -1.343999974565690536e-04
1.091624029513695859e-01 1.091624029513695859e-01 8.487169231329971808e-03 8.487169231329971808e-03 3.293250616707155132e-03 3.293250616707155132e-03 -2.510144652205781313e-04 -2.510144652205781313e-04 -2.510144652205781313e-04 -2.510144652205781313e-04 -2.510144652205781313e-04 -2.510144652205781313e-04 -2.510144652205781313e-04 -2.510144652205781313e-04 -2.510144652205781313e-04
2.046766475371327942e+00 2.046766475371327942e+00 2.046766475371327942e+00 1.897161331218796931e+00 1.897161331218796931e+00 1.897161331218796931e+00 1.897161331218796931e+00 1.897161331218796931e+00 9.657137739032464196e-01 9.657137739032464196e-01 9.657137739032464196e-01 9.657137739032464196e-01 9.657137739032464196e-01 9.657137739032464196e-01 9.657137739032464196e-01
3.682421884252960353e+00 3.396898595952961841e+00 3.396898595952961841e+00 3.017219673174849959e+00 2.534764379005309820e-01 6.453042955467935826e-02 4.937592503426913026e-02 4.937592503426913026e-02 1.398985492642168538e-04 1.398985492642168538e-04 1.398985492642168538e-04 1.398985492642168538e-04 1.398985492642168538e-04 1.398985492642168538e-04 1.398985492642168538e-04
3.396286892879082586e+00 3.396286892879082586e+00 7.336952250050909896e-01 7.336952250050909896e-01 5.558439367659513408e-01 1.865073274957573801e-02 1.865073274957573801e-02 1.865073274957573801e-02 1.865073274957573801e-02 1.865073274957573801e-02 1.865073274957573801e-02 1.865073274957573801e-02 1.865073274957573801e-02 1.865073274957573801e-02 1.865073274957573801e-02
3.795084325637205325e+00 3.353206216618374924e+00 3.353206216618374924e+00 2.247240444200794940e+00 2.247240444200794940e+00 -3.637702894323524561e-03 -3.637702894323524561e-03 -3.637702894323524561e-03 -3.637702894323524561e-03 -3.637702894323524561e-03 -3.637702894323524561e-03 -3.637702894323524561e-03 -3.637702894323524561e-03 -3.637702894323524561e-03 -3.637702894323524561e-03
2.527257080805000555e+00 1.406596059546544097e+00 1.406596059546544097e+00 1.406596059546544097e+00 5.731485269794944770e-01 1.185709446261284938e-03 -4.169065991135312288e-04 -4.169065991135312288e-04 -4.169065991135312288e-04 -4.169065991135312288e-04 -4.169065991135312288e-04 -4.169065991135312288e-04 -4.169065991135312288e-04 -4.169065991135312288e-04 -4.169065991135312288e-04
5.519600478560603207e+00 5.519600478560603207e+00 2.611196747066498958e+00 4.029024339609801331e-01 4.100634168331218632e-02 4.100634168331218632e-02 4.100634168331218632e-02 1.517752034528641047e-03 1.517752034528641047e-03 1.517752034528641047e-03 1.517752034528641047e-03 1.517752034528641047e-03 1.517752034528641047e-03 1.517752034528641047e-03 1.517752034528641047e-03
2.587064035449486710e-01 7.990482702848566987e-02 7.990482702848566987e-02 7.186869218321589869e-02 7.186869218321589869e-02 7.186869218321589869e-02 7.186869218321589869e-02 7.186869218321589869e-02 7.186869218321589869e-02 7.186869218321589869e-02 7.186869218321589869e-02 7.186869218321589869e-02 7.186869218321589869e-02 7.186869218321589869e-02 7.186869218321589869e-02
4.645271745685391807e+00 4.310431994429706037e+00 4.310431994429706037e+00 1.056548916511417247e-01 1.056548916511417247e-01 1.056548916511417247e-01 1.056548916511417247e-01 7.201256565934954779e-03 7.201256565934954779e-03 7.201256565934954779e-03 -1.686203197238000939e-03 -1.686203197238000939e-03 -1.686203197238000939e-03 -1.686203197238000939e-03 -1.686203197238000939e-03
3.472867171894167271e+00 2.228212513417844320e+00 2.228212513417844320e+00 4.218661013665467863e-01 4.218661013665467863e-01 -3.381039691710441275e-03 -3.381039691710441275e-03 -3.381039691710441275e-03 -3.381039691710441275e-03 -3.381039691710441275e-03 -3.381039691710441275e-03 -3.381039691710441275e-03 -3.381039691710441275e-03 -3.381039691710441275e-03 -3.381039691710441275e-03
1.034717347986585878e+00 1.034717347986585878e+00 1.034717347986585878e+00 1.034717347986585878e+00 1.233174903788949450e-01 0.000000000000000000e+00 0.000000000000000000e+00 0.000000000000000000e+00 0.000000000000000000e+00 0.000000000000000000e+00 0.000000000000000000e+00 0.000000000000000000e+00 0.000000000000000000e+00 0.000000000000000000e+00 0.000000000000000000e+00
1.150690712120306713e+00 1.808813774836846022e-01 6.884792202840905873e-02 6.884792202840905873e-02 6.884792202840905873e-02 6.884792202840905873e-02 6.884792202840905873e-02 6.884792202840905873e-02 6.884792202840905873e-02 6.884792202840905873e-02 6.884792202840905873e-02 6.884792202840905873e-02 6.884792202840905873e-02 6.884792202840905873e-02 6.884792202840905873e-02
6.063956796792353998e+00 4.918548523115703119e+00 3.671894065615589398e+00 1.188216783299054669e+00 1.188216783299054669e+00 8.870948322951051068e-01 8.870948322951051068e-01 8.870948322951051068e-01 8.870948322951051068e-01 8.870948322951051068e-01 8.870948322951051068e-01 8.870948322951051068e-01 1.038765957997611622e-01 -1.879757189158226538e-04 -1.879757189158226538e-04
5.086002285913906462e+00 1.626951118980457522e+00 1.626951118980457522e+00 1.953995128403107628e-02 -1.439299127810045320e-04 -1.439299127810045320e-04 -1.439299127810045320e-04 -1.439299127810045320e-04 -1.439299127810045320e-04 -1.877600068667106825e-04 -1.877600068667106825e-04 -1.877600068667106825e-04 -1.877600068667106825e-04 -1.877600068667106825e-04 -1.877600068667106825e-04
5.245384791956752224e+00 5.245384791956752224e+00 1.085214339596888067e+00 1.085214339596888067e+00 2.120568012638557320e-02 2.120568012638557320e-02 -1.268945009670119362e-03 -1.268945009670119362e-03 -1.268945009670119362e-03 -1.268945009670119362e-03 -1.268945009670119362e-03 -1.268945009670119362e-03 -1.268945009670119362e-03 -1.268945009670119362e-03 -1.268945009670119362e-03
4.900155079211288012e+00 4.900155079211288012e+00 7.132701311191596005e-01 2.042936516536144609e-01 2.427801533264073441e-02 2.427801533264073441e-02 2.427801533264073441e-02 4.847710749515954376e-04 -2.919216453278750123e-05 -2.919216453278750123e-05 -2.919216453278750123e-05 -2.919216453278750123e-05 -2.919216453278750123e-05 -2.919216453278750123e-05 -2.919216453278750123e-05
4.917134077767570943e+00 4.917134077767570943e+00 1.721403761833471435e+00 1.721403761833471435e+00 3.139407874198241188e-01 1.628696630655213085e-02 1.628696630655213085e-02 1.628696630655213085e-02 1.628696630655213085e-02 1.628696630655213085e-02 1.628696630655213085e-02 1.628696630655213085e-02 1.628696630655213085e-02 1.628696630655213085e-02 1.407941883826424601e-04
2.491873692241150628e+00 2.105004488655546346e+00 2.105004488655546346e+00 2.105004488655546346e+00 2.105004488655546346e+00 2.105004488655546346e+00 2.105004488655546346e+00 2.105004488655546346e+00 6.322351520963787053e-01 6.322351520963787053e-01 1.391982298491223347e-01 1.391982298491223347e-01 1.262006034965645895e-01 1.262006034965645895e-01 1.262006034965645895e-01
2.005845242660510230e+00 7.858080972102357009e-01 7.858080972102357009e-01 7.858080972102357009e-01 7.858080972102357009e-01 7.858080972102357009e-01 1.970414069853632100e-02 1.970414069853632100e-02 -1.790650844867514024e-03 -1.790650844867514024e-03 -1.790650844867514024e-03 -1.790650844867514024e-03 -1.790650844867514024e-03 -1.790650844867514024e-03 -1.790650844867514024e-03
3.302863570498260515e+00 1.921063044492029803e+00 1.921063044492029803e+00 1.921063044492029803e+00 1.921063044492029803e+00 1.921063044492029803e+00 1.921063044492029803e+00 1.921063044492029803e+00 1.921063044492029803e+00 1.921063044492029803e+00 5.422180537539134093e-02 4.703527115452743601e-04 4.703527115452743601e-04 4.703527115452743601e-04 6.776366512895037886e-05
3.916592814147196400e+00 3.916592814147196400e+00 4.513356294657455692e-01 4.513356294657455692e-01 5.304037564371810731e-03 5.304037564371810731e-03 5.304037564371810731e-03 5.304037564371810731e-03 5.304037564371810731e-03 5.304037564371810731e-03 5.304037564371810731e-03 5.304037564371810731e-03 5.304037564371810731e-03 5.304037564371810731e-03 5.304037564371810731e-03
3.782552167843057589e+00 6.847003218858844775e-01 6.847003218858844775e-01 6.847003218858844775e-01 3.592378984649258200e-03 3.592378984649258200e-03 3.592378984649258200e-03 3.592378984649258200e-03 3.592378984649258200e-03 3.592378984649258200e-03 3.592378984649258200e-03 3.592378984649258200e-03 2.952626064143260010e-04 2.952626064143260010e-04 2.952626064143260010e-04
1.660210868213995994e+00 5.440614407044108702e-02 5.870736340654048036e-03 5.870736340654048036e-03 5.870736340654048036e-03 1.668126965739702428e-03 1.668126965739702428e-03 1.668126965739702428e-03 1.668126965739702428e-03 1.668126965739702428e-03 1.668126965739702428e-03 1.668126965739702428e-03 1.668126965739702428e-03 1.668126965739702428e-03 7.247430744428129401e-08
1.368644734230414883e+00 1.368644734230414883e+00 4.092738748964279694e-01 4.092738748964279694e-01 4.092738748964279694e-01 4.092738748964279694e-01 4.092738748964279694e-01 4.092738748964279694e-01 4.092738748964279694e-01 4.092738748964279694e-01 4.092738748964279694e-01 4.092738748964279694e-01 4.092738748964279694e-01 4.092738748964279694e-01 4.092738748964279694e-01
5.457321281401848800e+00 5.141902380797546357e+00 4.924080835849931503e+00 4.924080835849931503e+00 6.894284278230315977e-01 6.894284278230315977e-01 2.601876424621423212e-01 1.805149323413388629e-01 1.805149323413388629e-01 1.805149323413388629e-01 2.360972159749508137e-04 2.360972159749508137e-04 2.360972159749508137e-04 2.360972159749508137e-04 2.360972159749508137e-04
1.279401191958186246e+00 1.279401191958186246e+00 1.279401191958186246e+00 2.398040132444521078e-01 9.044978177757911908e-02 9.044978177757911908e-02 5.549497599304231699e-04 5.549497599304231699e-04 5.549497599304231699e-04 5.549497599304231699e-04 5.549497599304231699e-04 5.549497599304231699e-04 5.549497599304231699e-04 5.549497599304231699e-04 5.549497599304231699e-04
3.129129034521147545e-01 3.129129034521147545e-01 3.129129034521147545e-01 1.859054605876053756e-02 1.859054605876053756e-02 1.859054605876053756e-02 1.859054605876053756e-02 1.859054605876053756e-02 1.859054605876053756e-02 1.859054605876053756e-02 1.859054605876053756e-02 1.859054605876053756e-02 1.859054605876053756e-02 1.859054605876053756e-02 1.859054605876053756e-02
4.066489432136535243e-01 1.703920902444053809e-01 1.703920902444053809e-01 4.449357985421897865e-03 4.449357985421897865e-03 4.449357985421897865e-03 4.449357985421897865e-03 4.449357985421897865e-03 4.449357985421897865e-03 4.449357985421897865e-03 4.449357985421897865e-03 4.449357985421897865e-03 4.449357985421897865e-03 4.449357985421897865e-03 4.449357985421897865e-03
1.044119092632758594e+00 1.044119092632758594e+00 1.044119092632758594e+00 5.697598581829197428e-01 5.697598581829197428e-01 5.697598581829197428e-01 5.697598581829197428e-01 3.734274499278740223e-01 3.734274499278740223e-01 1.015078719322275447e-01 1.015078719322275447e-01 1.015078719322275447e-01 1.015078719322275447e-01 1.015078719322275447e-01 6.170317787655221764e-02
6.586077135779461855e+00 6.423197044441167236e+00 6.423197044441167236e+00 4.272345128545339321e+00 2.586463741135958117e-02 -1.125457496300441562e-03 -1.125457496300441562e-03 -1.125457496300441562e-03 -1.125457496300441562e-03 -1.125457496300441562e-03 -1.125457496300441562e-03 -1.125457496300441562e-03 -1.125457496300441562e-03 -1.125457496300441562e-03 -1.125457496300441562e-03
2.302465639763129346e+00 2.302465639763129346e+00 2.302465639763129346e+00 2.302465639763129346e+00 2.302465639763129346e+00 2.302465639763129346e+00 2.302465639763129346e+00 1.563390943955217161e+00 1.563390943955217161e+00 1.563390943955217161e+00 5.524836100976315834e-04 5.524836100976315834e-04 5.524836100976315834e-04 5.524836100976315834e-04 5.524836100976315834e-04
4.947231961164689551e+00 8.450425612430336741e-01 8.450425612430336741e-01 4.142136270390039954e-02 1.525292370175179713e-03 1.525292370175179713e-03 1.525292370175179713e-03 1.525292370175179713e-03 1.525292370175179713e-03 1.525292370175179713e-03 1.525292370175179713e-03 -3.293395376147145726e-05 -3.293395376147145726e-05 -3.293395376147145726e-05 -3.293395376147145726e-05
2.800360010862107174e+00 2.800360010862107174e+00 2.800360010862107174e+00 2.374874759369788535e+00 2.374874759369788535e+00 2.374874759369788535e+00 2.374874759369788535e+00 3.839086011063841397e-01 3.839086011063841397e-01 3.839086011063841397e-01 3.839086011063841397e-01 3.839086011063841397e-01 3.839086011063841397e-01 3.839086011063841397e-01 4.055303350014582975e-05
1.107204121042125067e+00 7.699617980870243628e-02 5.406737102566694375e-02 8.910232886364610749e-03 8.910232886364610749e-03 8.910232886364610749e-03 8.910232886364610749e-03 8.910232886364610749e-03 8.910232886364610749e-03 8.910232886364610749e-03 8.910232886364610749e-03 8.910232886364610749e-03 8.910232886364610749e-03 8.910232886364610749e-03 8.910232886364610749e-03
3.669280483524474334e+00 8.745115934305687233e-01 8.745115934305687233e-01 8.745115934305687233e-01 8.745115934305687233e-01 3.501154176474585711e-02 3.501154176474585711e-02 3.501154176474585711e-02 1.270623269149950829e-03 1.270623269149950829e-03 1.270623269149950829e-03 1.270623269149950829e-03 1.270623269149950829e-03 1.270623269149950829e-03 1.270623269149950829e-03
3.573278479341354341e+00 3.573278479341354341e+00 3.573278479341354341e+00 3.573278479341354341e+00 3.573278479341354341e+00 3.573278479341354341e+00 1.922397139861004689e+00 2.971461785594442517e-02 1.517424103496978205e-03 -2.851057104180654278e-05 -2.851057104180654278e-05 -2.851057104180654278e-05 -2.861346453641999688e-05 -2.861346453641999688e-05 -2.861346453641999688e-05
5.889758299787786200e+00 5.889758299787786200e+00 5.889758299787786200e+00 5.889758299787786200e+00 5.889758299787786200e+00 6.631028669097531747e-01 6.631028669097531747e-01 6.631028669097531747e-01 6.631028669097531747e-01 3.632160838003528625e-02 3.632160838003528625e-02 3.632160838003528625e-02 2.180124589585830108e-04 2.180124589585830108e-04 2.180124589585830108e-04
4.672707594707240730e+00 7.952635905102312108e-02 9.624703682575841412e-04 9.624703682575841412e-04 2.095407407196603344e-04 2.095407407196603344e-04 -1.540612694128640214e-05 -1.540612694128640214e-05 -1.540612694128640214e-05 -1.540612694128640214e-05 -1.540612694128640214e-05 -1.540612694128640214e-05 -1.540612694128640214e-05 -1.540612694128640214e-05 -1.540612694128640214e-05
5.212509260192518923e+00 5.212509260192518923e+00 5.212509260192518923e+00 8.636594655010867427e-01 8.636594655010867427e-01 8.636594655010867427e-01 8.636594655010867427e-01 8.636594655010867427e-01 8.636594655010867427e-01 8.636594655010867427e-01 8.636594655010867427e-01 8.636594655010867427e-01 8.636594655010867427e-01 6.409125231919006183e-01 6.409125231919006183e-01
3.008617120426748670e+00 3.008617120426748670e+00 1.770406448196098381e+00 1.001555075696543895e+00 1.001555075696543895e+00 1.001555075696543895e+00 1.001555075696543895e+00 1.001555075696543895e+00 1.001555075696543895e+00 1.001555075696543895e+00 9.362409949088146277e-02 9.362409949088146277e-02 1.815780169636127539e-04 1.815780169636127539e-04 1.815780169636127539e-04
2.991641919341155642e+00 2.991641919341155642e+00 1.155764493131052006e+00 1.155764493131052006e+00 1.155764493131052006e+00 6.692207072932951917e-01 6.692207072932951917e-01 6.692207072932951917e-01 1.527236253906494312e-05 1.527236253906494312e-05 -3.037920084167922141e-04 -3.199261411594989113e-04 -3.199261411594989113e-04 -3.199261411594989113e-04 -3.199261411594989113e-04
1.836573450740090152e+00 1.836573450740090152e+00 1.836573450740090152e+00 1.983517377266252879e-01 1.983517377266252879e-01 1.983517377266252879e-01 7.010081577209348325e-02 7.010081577209348325e-02 7.010081577209348325e-02 7.010081577209348325e-02 2.107823716869461350e-03 2.107823716869461350e-03 2.107823716869461350e-03 2.107823716869461350e-03 2.107823716869461350e-03
2.304037313323419767e+00 4.260533516751934258e-01 4.260533516751934258e-01 1.198999505976416913e-02 7.936623707792023197e-03 7.936623707792023197e-03 7.936623707792023197e-03 1.756821413323450543e-04 1.756821413323450543e-04 1.756821413323450543e-04 1.756821413323450543e-04 1.756821413323450543e-04 1.756821413323450543e-04 1.756821413323450543e-04 1.756821413323450543e-04
1.730162264675449535e+00 5.455301868865092274e-01 5.455301868865092274e-01 1.201694014805809729e-01 1.180302911973569735e-01 1.180302911973569735e-01 1.180302911973569735e-01 1.180302911973569735e-01 1.180302911973569735e-01 1.180302911973569735e-01 1.180302911973569735e-01 1.180302911973569735e-01 1.180302911973569735e-01 1.180302911973569735e-01 1.180302911973569735e-01
3.953346142212353698e+00 2.654975516646231881e+00 2.654975516646231881e+00 2.654975516646231881e+00 2.654975516646231881e+00 1.266342082473158825e+00 1.266342082473158825e+00 1.266342082473158825e+00 1.266342082473158825e+00 4.828840123161626252e-02 4.828840123161626252e-02 -6.344175179151534394e-05 -6.934559448268373671e-05 -6.934559448268373671e-05 -6.934559448268373671e-05
9.677653671836139893e+00 7.440173653252259101e+00 7.253043780532266283e+00 6.232451120997964722e+00 6.232451120997964722e+00 6.232451120997964722e+00 2.792387206926889576e+00 2.901768105605526671e-01 8.242012853543201345e-05 8.242012853543201345e-05 0.000000000000000000e+00 0.000000000000000000e+00 0.000000000000000000e+00 0.000000000000000000e+00 0.000000000000000000e+00
2.151364138162206174e-01 2.151364138162206174e-01 1.754182687495910997e-01 5.007580207758888236e-02 5.007580207758888236e-02 3.628905562420570163e-04 3.628905562420570163e-04 3.628905562420570163e-04 3.628905562420570163e-04 3.628905562420570163e-04 3.628905562420570163e-04 3.628905562420570163e-04 3.628905562420570163e-04 3.628905562420570163e-04 3.628905562420570163e-04
2.557580078163844917e+00 2.557580078163844917e+00 2.557580078163844917e+00 5.518166710191962920e-01 5.518166710191962920e-01 5.518166710191962920e-01 1.154175837677939853e-02 1.154175837677939853e-02 1.450154634085265570e-03 5.359945157579204533e-05 5.359945157579204533e-05 5.359945157579204533e-05 5.359945157579204533e-05 5.359945157579204533e-05 5.359945157579204533e-05
1.706745059720410129e+00 1.274709734138440353e+00 1.274709734138440353e+00 1.274709734138440353e+00 1.274709734138440353e+00 1.274709734138440353e+00 1.274709734138440353e+00 1.000666872842856492e+00 9.548269665366149184e-02 9.548269665366149184e-02 9.548269665366149184e-02 1.766546449050565570e-02 1.766546449050565570e-02 1.546850307221347975e-04 1.546850307221347975e-04
2.309521642364185112e+00 2.309521642364185112e+00 3.328145043673913506e-02 4.574112459970081090e-03 4.574112459970081090e-03 4.574112459970081090e-03 4.574112459970081090e-03 4.574112459970081090e-03 1.759114580579534959e-05 1.759114580579534959e-05 1.759114580579534959e-05 1.759114580579534959e-05 1.759114580579534959e-05 1.759114580579534959e-05 1.759114580579534959e-05
4.223883010832765628e+00 2.086217620485258273e+00 2.086217620485258273e+00 2.086217620485258273e+00 2.086217620485258273e+00 8.630283484861900334e-01 8.830805489510318296e-03 -6.263115981104405705e-04 -6.263115981104405705e-04 -6.263115981104405705e-04 -6.263115981104405705e-04 -6.263115981104405705e-04 -6.263115981104405705e-04 -6.263115981104405705e-04 -6.263115981104405705e-04
6.516472230471286764e+00 6.516472230471286764e+00 6.516472230471286764e+00 6.516472230471286764e+00 6.516472230471286764e+00 6.516472230471286764e+00 4.463666439814915066e-01 4.463666439814915066e-01 4.463666439814915066e-01 4.463666439814915066e-01 4.463666439814915066e-01 3.517418378578440752e-03 3.517418378578440752e-03 3.517418378578440752e-03 3.517418378578440752e-03
2.382514246127811930e+00 2.382514246127811930e+00 2.382514246127811930e+00 2.382514246127811930e+00 2.382514246127811930e+00 4.590631100840028012e-01 4.590631100840028012e-01 4.590631100840028012e-01 1.112864495588041791e-01 4.399772166254933836e-02 8.168366935024096165e-04 8.168366935024096165e-04 8.168366935024096165e-04 8.168366935024096165e-04 8.168366935024096165e-04
3.029187958874224762e+00 3.029187958874224762e+00 3.029187958874224762e+00 1.946950678532836321e+00 1.946950678532836321e+00 8.583137092971355742e-01 8.583137092971355742e-01 2.467596455822729240e-03 2.467596455822729240e-03 2.467596455822729240e-03 2.467596455822729240e-03 2.467596455822729240e-03 2.467596455822729240e-03 2.467596455822729240e-03 2.467596455822729240e-03
1.329820180240858463e+00 1.329820180240858463e+00 6.103737858251179205e-01 6.103737858251179205e-01 6.103737858251179205e-01 6.103737858251179205e-01 6.103737858251179205e-01 6.103737858251179205e-01 6.103737858251179205e-01 6.103737858251179205e-01 6.103737858251179205e-01 6.103737858251179205e-01 6.103737858251179205e-01 6.103737858251179205e-01 2.196382244113692650e-01
3.076451564941762307e+00 3.076451564941762307e+00 3.076451564941762307e+00 3.076451564941762307e+00 3.076451564941762307e+00 3.076451564941762307e+00 1.891768382818952432e+00 1.828537493072644793e+00 8.830353048568895247e-02 8.830353048568895247e-02 -1.454971375238756082e-03 -1.454971375238756082e-03 -1.454971375238756082e-03 -1.454971375238756082e-03 -1.454971375238756082e-03
1.540909461206183551e+00 1.540909461206183551e+00 3.305754218770289299e-01 3.305754218770289299e-01 3.305754218770289299e-01 3.305754218770289299e-01 3.305754218770289299e-01 3.305754218770289299e-01 3.305754218770289299e-01 3.305754218770289299e-01 3.305754218770289299e-01 3.305754218770289299e-01 3.305754218770289299e-01 3.305754218770289299e-01 3.305754218770289299e-01
3.695130550161167093e+00 3.695130550161167093e+00 3.221292997016576010e+00 1.721664267577239116e+00 1.721664267577239116e+00 1.721664267577239116e+00 1.721664267577239116e+00 1.721664267577239116e+00 1.594239889093387319e-01 1.594239889093387319e-01 8.006954161601242959e-03 4.888819254915688362e-04 4.888819254915688362e-04 4.888819254915688362e-04 4.888819254915688362e-04
2.908673402513883843e+00 2.908673402513883843e+00 2.908673402513883843e+00 2.393389624309634200e+00 2.393389624309634200e+00 2.393389624309634200e+00 4.232666760344727663e-02 4.232666760344727663e-02 4.232666760344727663e-02 4.232666760344727663e-02 4.232666760344727663e-02 4.232666760344727663e-02 4.232666760344727663e-02 4.232666760344727663e-02 4.232666760344727663e-02
4.026499698302156816e+00 4.026499698302156816e+00 4.026499698302156816e+00 3.126306460805167831e+00 3.126306460805167831e+00 2.779076134466833992e+00 2.779076134466833992e+00 9.542421685542308296e-01 9.542421685542308296e-01 2.210282236406442280e-01 2.210282236406442280e-01 1.465131222744275874e-04 1.465131222744275874e-04 1.465131222744275874e-04 1.465131222744275874e-04
1.491134147536167021e+00 1.087486217683299117e+00 1.087486217683299117e+00 1.087486217683299117e+00 1.087486217683299117e+00 1.087486217683299117e+00 1.087486217683299117e+00 1.087486217683299117e+00 6.866496442007132828e-01 6.866496442007132828e-01 6.866496442007132828e-01 6.866496442007132828e-01 6.866496442007132828e-01 6.866496442007132828e-01 5.189529105003316545e-01
8.013837620620734015e-01 8.013837620620734015e-01 2.939219991731079062e-04 2.939219991731079062e-04 2.939219991731079062e-04 2.939219991731079062e-04 2.939219991731079062e-04 2.939219991731079062e-04 2.939219991731079062e-04 2.939219991731079062e-04 9.935322850651573390e-06 9.935322850651573390e-06 9.935322850651573390e-06 9.935322850651573390e-06 9.935322850651573390e-06
2.544839228793671637e+00 2.544839228793671637e+00 9.494108554778577513e-01 9.494108554778577513e-01 9.494108554778577513e-01 2.015065726146758607e-01 2.015065726146758607e-01 1.275838964379545359e-01 1.275838964379545359e-01 6.542897374401945854e-04 5.443679040126880864e-04 5.443679040126880864e-04 5.443679040126880864e-04 5.443679040126880864e-04 5.443679040126880864e-04
7.811509494144278420e+00 0.000000000000000000e+00 0.000000000000000000e+00 0.000000000000000000e+00 0.000000000000000000e+00 0.000000000000000000e+00 0.000000000000000000e+00 0.000000000000000000e+00 0.000000000000000000e+00 0.000000000000000000e+00 0.000000000000000000e+00 0.000000000000000000e+00 0.000000000000000000e+00 0.000000000000000000e+00 0.000000000000000000e+00
9.206075659045552584e+00 2.096844925959999273e+00 1.937020523025694274e-01 1.937020523025694274e-01 5.084958838438069506e-02 1.472962770321828430e-03 1.472962770321828430e-03 1.472962770321828430e-03 1.472962770321828430e-03 -4.311108650085770932e-04 -4.311108650085770932e-04 -4.311108650085770932e-04 -4.311108650085770932e-04 -4.311108650085770932e-04 -4.311108650085770932e-04
5.171907775320505607e-02 5.171907775320505607e-02 7.790584805661637802e-03 7.790584805661637802e-03 8.503322515025502071e-04 8.503322515025502071e-04 8.503322515025502071e-04 8.503322515025502071e-04 8.503322515025502071e-04 8.503322515025502071e-04 8.503322515025502071e-04 8.503322515025502071e-04 8.503322515025502071e-04 8.503322515025502071e-04 8.503322515025502071e-04
2.683822865038751448e+00 2.683822865038751448e+00 2.683822865038751448e+00 2.683822865038751448e+00 2.683822865038751448e+00 2.683822865038751448e+00 2.683822865038751448e+00 2.683822865038751448e+00 2.683822865038751448e+00 7.021461089417186940e-01 7.021461089417186940e-01 3.680911458062041675e-02 3.680911458062041675e-02 -7.541810812000449005e-03 -7.541810812000449005e-03
4.040235305397335885e+00 4.040235305397335885e+00 1.982865717273426753e+00 1.982865717273426753e+00 1.893603541006143587e-01 1.893603541006143587e-01 3.275283047688049010e-02 3.275283047688049010e-02 4.361806409747259750e-05 4.361806409747259750e-05 4.361806409747259750e-05 4.361806409747259750e-05 4.361806409747259750e-05 4.361806409747259750e-05 4.361806409747259750e-05
2.709767145299792901e-01 9.037446995637310465e-02 9.037446995637310465e-02 9.037446995637310465e-02 9.037446995637310465e-02 9.037446995637310465e-02 9.037446995637310465e-02 9.037446995637310465e-02 9.037446995637310465e-02 9.037446995637310465e-02 1.409166109624493401e-02 1.409166109624493401e-02 4.740382029922329821e-03 4.740382029922329821e-03 4.740382029922329821e-03
6.651061738995736050e-01 6.651061738995736050e-01 2.081144355768174137e-01 2.081144355768174137e-01 2.335453573323320597e-03 2.335453573323320597e-03 2.335453573323320597e-03 2.335453573323320597e-03 2.335453573323320597e-03 2.335453573323320597e-03 2.335453573323320597e-03 2.335453573323320597e-03 2.335453573323320597e-03 2.335453573323320597e-03 -2.137148203473770991e-05
6.587277809640710302e-01 3.315586399728545075e-01 5.784488309882362955e-02 2.949044376123310940e-03 2.949044376123310940e-03 5.703796125544613460e-05 5.703796125544613460e-05 5.703796125544613460e-05 5.703796125544613460e-05 5.703796125544613460e-05 5.703796125544613460e-05 5.703796125544613460e-05 -1.129045745074108709e-05 -1.129045745074108709e-05 -1.129045745074108709e-05
4.213927505356949155e+00 4.213927505356949155e+00 1.731701044280363533e+00 1.731701044280363533e+00 1.731701044280363533e+00 1.731701044280363533e+00 4.152586541675873377e-01 4.152586541675873377e-01 1.717464876549001929e-03 1.717464876549001929e-03 1.717464876549001929e-03 -2.203063519402803649e-03 -2.203063519402803649e-03 -2.203063519402803649e-03 -2.203063519402803649e-03
1.948681385999723403e+00 1.948681385999723403e+00 1.040824590267668270e-01 1.040824590267668270e-01 8.067790912800276715e-02 8.067790912800276715e-02 5.074775159030764371e-05 1.813339408940350950e-05 1.813339408940350950e-05 1.813339408940350950e-05 1.813339408940350950e-05 1.813339408940350950e-05 1.813339408940350950e-05 1.813339408940350950e-05 1.813339408940350950e-05
1.054207668126306174e+00 1.054207668126306174e+00 6.707423861755046346e-01 6.707423861755046346e-01 6.707423861755046346e-01 6.707423861755046346e-01 6.707423861755046346e-01 6.707423861755046346e-01 6.707423861755046346e-01 6.707423861755046346e-01 6.707423861755046346e-01 2.360317239129869904e-01 2.056838225115598107e-03 2.056838225115598107e-03 -4.765483059543385025e-05
4.587086865236881472e+00 6.827729347548938676e-01 6.827729347548938676e-01 3.833117666249563626e-02 3.833117666249563626e-02 3.833117666249563626e-02 -8.239337830673321150e-06 -8.239337830673321150e-06 -8.239337830673321150e-06 -8.239337830673321150e-06 -8.239337830673321150e-06 -8.239337830673321150e-06 -8.239337830673321150e-06 -8.239337830673321150e-06 -8.239337830673321150e-06
2.603161290077945722e+00 5.115614458716835067e-01 5.115614458716835067e-01 5.115614458716835067e-01 5.115614458716835067e-01 5.115614458716835067e-01 4.156768213970281067e-01 4.156768213970281067e-01 1.953555594027420739e-01 1.953555594027420739e-01 7.670260007216711529e-03 7.670260007216711529e-03 4.046005014970432967e-04 4.046005014970432967e-04 4.046005014970432967e-04
6.497242821519193967e+00 1.208170529532992532e-01 1.208170529532992532e-01 5.240845029049978621e-03 5.540281452454109967e-04 5.540281452454109967e-04 5.540281452454109967e-04 5.540281452454109967e-04 5.540281452454109967e-04 5.540281452454109967e-04 5.540281452454109967e-04 5.540281452454109967e-04 5.540281452454109967e-04 5.540281452454109967e-04 5.540281452454109967e-04
2.615118288459774121e+00 2.615118288459774121e+00 2.615118288459774121e+00 2.615118288459774121e+00 2.615118288459774121e+00 2.615118288459774121e+00 2.615118288459774121e+00 7.859618872807629941e-01 7.859618872807629941e-01 7.859618872807629941e-01 7.859618872807629941e-01 7.859618872807629941e-01 9.949217160975365459e-02 9.949217160975365459e-02 -4.099662313805652047e-04
3.097594300038531756e+00 8.127096451666915300e-01 8.127096451666915300e-01 8.127096451666915300e-01 8.127096451666915300e-01 3.163528301418239153e-01 3.163528301418239153e-01 3.163528301418239153e-01 9.525946063092760596e-03 9.525946063092760596e-03 9.525946063092760596e-03 9.525946063092760596e-03 9.525946063092760596e-03 -3.069039706815601676e-05 -3.069039706815601676e-05
2.788307056463708022e-01 2.788307056463708022e-01 1.408675848961884469e-01 1.408675848961884469e-01 1.408675848961884469e-01 1.408675848961884469e-01 1.005437768398982357e-01 1.005437768398982357e-01 1.005437768398982357e-01 1.005437768398982357e-01 1.005437768398982357e-01 1.005437768398982357e-01 1.005437768398982357e-01 1.005437768398982357e-01 1.005437768398982357e-01
3.276093167066342460e+00 1.395456707334233215e+00 1.134307221946073696e-02 1.134307221946073696e-02 3.705924653786496492e-03 3.705924653786496492e-03 3.705924653786496492e-03 3.705924653786496492e-03 3.705924653786496492e-03 3.705924653786496492e-03 3.705924653786496492e-03 3.705924653786496492e-03 3.705924653786496492e-03 3.705924653786496492e-03 3.705924653786496492e-03
2.046002904666375244e+00 1.374237425023416392e+00 1.496051060423724266e-01 1.496051060423724266e-01 1.496051060423724266e-01 1.496051060423724266e-01 1.496051060423724266e-01 1.496051060423724266e-01 1.496051060423724266e-01 1.496051060423724266e-01 1.496051060423724266e-01 8.929614944054264924e-02 8.929614944054264924e-02 9.068919925994123332e-03 9.068919925994123332e-03
4.068157440896637667e+00 2.742367473413754198e+00 2.742367473413754198e+00 1.189248316203578071e+00 3.842320294090093569e-01 3.842320294090093569e-01 9.846266017810023641e-04 9.846266017810023641e-04 9.846266017810023641e-04 9.846266017810023641e-04 9.846266017810023641e-04 9.846266017810023641e-04 9.846266017810023641e-04 7.928774312659925272e-06 7.928774312659925272e-06
4.973496408393316415e-01 2.893096433524533495e-03 1.143024299324224557e-03 1.156114403215724451e-04 -4.358185020691962563e-05 -4.358185020691962563e-05 -4.358185020691962563e-05 -4.720415478232098394e-05 -4.720415478232098394e-05 -4.720415478232098394e-05 -4.720415478232098394e-05 -4.720415478232098394e-05 -4.720415478232098394e-05 -4.720415478232098394e-05 -4.720415478232098394e-05
9.899748815711717498e-01 9.899748815711717498e-01 1.750751196921527253e-01 1.750751196921527253e-01 4.349125640615625343e-03 4.349125640615625343e-03 4.349125640615625343e-03 4.349125640615625343e-03 -7.671381766272133973e-06 -7.671381766272133973e-06 -7.671381766272133973e-06 -7.671381766272133973e-06 -7.671381766272133973e-06 -7.671381766272133973e-06 -7.671381766272133973e-06
3.755625409116664315e+00 3.755625409116664315e+00 3.755625409116664315e+00 3.755625409116664315e+00 3.755625409116664315e+00 5.958408799824610469e-02 1.708747444536129478e-02 1.708747444536129478e-02 1.708747444536129478e-02 1.708747444536129478e-02 1.708747444536129478e-02 1.708747444536129478e-02 1.708747444536129478e-02 1.708747444536129478e-02 1.708747444536129478e-02
2.697442656894850188e+00 2.579857756123601575e+00 1.220664858122745500e+00 7.927990982884693949e-01 7.927990982884693949e-01 7.927990982884693949e-01 1.114288487769954372e-03 6.013508254909538664e-04 6.013508254909538664e-04 6.013508254909538664e-04 6.013508254909538664e-04 6.013508254909538664e-04 6.013508254909538664e-04 6.013508254909538664e-04 6.013508254909538664e-04
7.706795848702086005e-01 3.524982883219536234e-01 3.524982883219536234e-01 8.804418564380966927e-02 8.804418564380966927e-02 8.804418564380966927e-02 3.666684866010427868e-02 3.666684866010427868e-02 3.666684866010427868e-02 3.666684866010427868e-02 3.666684866010427868e-02 3.666684866010427868e-02 9.062240954449407582e-05 9.062240954449407582e-05 9.062240954449407582e-05
1.881121787833556880e+00 6.566547842337513430e-01 6.390121399272175040e-02 6.390121399272175040e-02 2.025658240063421545e-02 2.025658240063421545e-02 2.025658240063421545e-02 2.025658240063421545e-02 2.025658240063421545e-02 2.025658240063421545e-02 1.622789864086371381e-05 1.622789864086371381e-05 1.622789864086371381e-05 1.622789864086371381e-05 1.622789864086371381e-05
4.836941754544996641e-01 4.493449584894904092e-01 4.493449584894904092e-01 5.357052799645600771e-02 5.357052799645600771e-02 1.454758571483694141e-03 -3.128070996183396346e-05 -3.128070996183396346e-05 -3.128070996183396346e-05 -3.128070996183396346e-05 -3.128070996183396346e-05 -3.128070996183396346e-05 -3.128070996183396346e-05 -3.128070996183396346e-05 -3.128070996183396346e-05
5.035252170098203806e+00 1.980192200485362264e+00 1.980192200485362264e+00 1.980192200485362264e+00 3.130745537005026335e-01 3.130745537005026335e-01 3.130745537005026335e-01 3.130745537005026335e-01 3.130745537005026335e-01 3.130745537005026335e-01 2.630608933113762760e-01 2.630608933113762760e-01 8.465774154740302038e-02 4.638555118390286225e-04 4.638555118390286225e-04
1.796078404272201112e+00 1.796078404272201112e+00 1.796078404272201112e+00 1.796078404272201112e+00 1.796078404272201112e+00 1.796078404272201112e+00 1.796078404272201112e+00 1.796078404272201112e+00 1.479111902196564188e+00 1.217414799630788025e+00 1.217414799630788025e+00 1.217414799630788025e+00 1.217414799630788025e+00 1.217414799630788025e+00 1.217414799630788025e+00
4.820027486142826945e+00 2.151085966343508460e+00 2.151085966343508460e+00 4.640308738759983953e-01 2.589775035124830538e-02 2.589775035124830538e-02 -1.795998538796084176e-04 -1.795998538796084176e-04 -1.795998538796084176e-04 -1.795998538796084176e-04 -1.795998538796084176e-04 -1.795998538796084176e-04 -1.795998538796084176e-04 -1.795998538796084176e-04 -1.795998538796084176e-04
1.912128815562242679e+00 1.912128815562242679e+00 1.912128815562242679e+00 1.912128815562242679e+00 1.462910476796878356e+00 1.462910476796878356e+00 1.462910476796878356e+00 1.462910476796878356e+00 1.462910476796878356e+00 1.462910476796878356e+00 1.462910476796878356e+00 5.808058462089320528e-01 5.808058462089320528e-01 5.808058462089320528e-01 5.808058462089320528e-01
2.432586461810106293e+00 2.432586461810106293e+00 9.674108052724363915e-01 9.674108052724363915e-01 9.674108052724363915e-01 9.674108052724363915e-01 9.674108052724363915e-01 9.674108052724363915e-01 7.865311100732554905e-01 7.865311100732554905e-01 1.758937069508732520e-01 1.585617439161524089e-03 1.585617439161524089e-03 1.585617439161524089e-03 1.585617439161524089e-03
4.794411872375738071e+00 4.794411872375738071e+00 4.794411872375738071e+00 5.512074244298048598e-01 5.512074244298048598e-01 5.512074244298048598e-01 5.512074244298048598e-01 5.512074244298048598e-01 5.512074244298048598e-01 3.230693875276244853e-01 2.726780040056553389e-03 2.726780040056553389e-03 2.726780040056553389e-03 -6.889927183451050041e-04 -6.889927183451050041e-04
