6.433710709678755357e+00 9.288042595396888146e-01 9.288042595396888146e-01 9.288042595396888146e-01 1.471171968135891461e-01 1.471171968135891461e-01 1.471171968135891461e-01 1.471171968135891461e-01 1.471171968135891461e-01 1.471171968135891461e-01 1.471171968135891461e-01 1.471171968135891461e-01 1.471171968135891461e-01 1.471171968135891461e-01 1.471171968135891461e-01
1.647834191717503671e+00 1.647834191717503671e+00 1.647834191717503671e+00 1.647834191717503671e+00 1.410129376033353310e-01 1.410129376033353310e-01 1.410129376033353310e-01 1.410129376033353310e-01 1.410129376033353310e-01 1.410129376033353310e-01 1.410129376033353310e-01 1.410129376033353310e-01 1.410129376033353310e-01 1.410129376033353310e-01 1.410129376033353310e-01
3.447014429633093791e+00 3.447014429633093791e+00 3.447014429633093791e+00 3.424417574453940460e+00 1.408030496819378641e+00 3.136865568205280397e-01 3.136865568205280397e-01 3.136865568205280397e-01 3.136865568205280397e-01 3.136865568205280397e-01 2.340428374270118184e-01 2.340428374270118184e-01 2.340428374270118184e-01 2.340428374270118184e-01 2.340428374270118184e-01
1.932146143309240838e+00 1.932146143309240838e+00 1.932146143309240838e+00 1.932146143309240838e+00 1.932146143309240838e+00 1.932146143309240838e+00 1.932146143309240838e+00 1.675965521920481649e+00 3.465849382626728925e-01 1.467354377425067469e-03 1.467354377425067469e-03 1.467354377425067469e-03 1.467354377425067469e-03 1.467354377425067469e-03 1.467354377425067469e-03
1.091624029513695859e-01 1.091624029513695859e-01 1.091624029513695859e-01 1.091624029513695859e-01 1.091624029513695859e-01 1.091624029513695859e-01 1.091624029513695859e-01 1.091624029513695859e-01 1.091624029513695859e-01 1.091624029513695859e-01 1.091624029513695859e-01 1.091624029513695859e-01 1.091624029513695859e-01 1.091624029513695859e-01 1.091624029513695859e-01
2.046766475371327942e+00 2.046766475371327942e+00 2.046766475371327942e+00 2.046766475371327942e+00 2.046766475371327942e+00 2.046766475371327942e+00 2.046766475371327942e+00 2.046766475371327942e+00 2.046766475371327942e+00 2.046766475371327942e+00 9.767612372639291607e-01 9.767612372639291607e-01 9.767612372639291607e-01 9.767612372639291607e-01 9.767612372639291607e-01
3.682421884252960353e+00 3.421670847288396544e+00 3.421670847288396544e+00 3.056976167518541843e+00 3.436795434822670359e-02 3.436795434822670359e-02 3.436795434822670359e-02 3.436795434822670359e-02 3.436795434822670359e-02 3.436795434822670359e-02 3.436795434822670359e-02 3.436795434822670359e-02 3.436795434822670359e-02 3.436795434822670359e-02 3.436795434822670359e-02
3.396286892879082586e+00 3.396286892879082586e+00 6.497554589190723817e-01 6.497554589190723817e-01 6.497554589190723817e-01 1.314708242422391038e-02 1.314708242422391038e-02 1.314708242422391038e-02 1.314708242422391038e-02 1.314708242422391038e-02 1.314708242422391038e-02 1.314708242422391038e-02 1.314708242422391038e-02 1.314708242422391038e-02 1.314708242422391038e-02
3.795084325637205325e+00 3.727120081382324202e+00 3.727120081382324202e+00 3.267081271412848764e+00 3.267081271412848764e+00 -4.148754444983637768e-03 -4.148754444983637768e-03 -4.148754444983637768e-03 -4.148754444983637768e-03 -4.148754444983637768e-03 -4.148754444983637768e-03 -4.148754444983637768e-03 -4.148754444983637768e-03 -4.148754444983637768e-03 -4.148754444983637768e-03
2.527257080805000555e+00 1.486650412511451691e+00 1.486650412511451691e+00 6.207936014874775310e-01 6.207936014874775310e-01 2.441667323297735948e-02 2.441667323297735948e-02 2.441667323297735948e-02 2.441667323297735948e-02 2.441667323297735948e-02 2.441667323297735948e-02 2.441667323297735948e-02 2.441667323297735948e-02 2.441667323297735948e-02 2.441667323297735948e-02
5.519600478560603207e+00 5.519600478560603207e+00 2.611196747066498958e+00 4.785370738731220541e-01 3.554481929058237455e-01 3.554481929058237455e-01 1.942288917418988348e-01 1.942288917418988348e-01 1.942288917418988348e-01 1.942288917418988348e-01 1.942288917418988348e-01 1.942288917418988348e-01 1.942288917418988348e-01 1.942288917418988348e-01 1.942288917418988348e-01
2.587064035449486710e-01 2.587064035449486710e-01 2.587064035449486710e-01 2.587064035449486710e-01 2.587064035449486710e-01 2.587064035449486710e-01 2.587064035449486710e-01 2.587064035449486710e-01 2.587064035449486710e-01 2.587064035449486710e-01 2.587064035449486710e-01 2.587064035449486710e-01 2.587064035449486710e-01 2.587064035449486710e-01 2.587064035449486710e-01
4.645271745685391807e+00 4.444843523011769548e+00 4.444843523011769548e+00 4.444843523011769548e+00 1.056548916511417247e-01 1.056548916511417247e-01 1.056548916511417247e-01 2.202975257191042147e-02 2.202975257191042147e-02 2.202975257191042147e-02 2.202975257191042147e-02 2.202975257191042147e-02 2.202975257191042147e-02 2.202975257191042147e-02 2.202975257191042147e-02
3.472867171894167271e+00 2.221812134815820627e+00 2.221812134815820627e+00 3.681628643101788612e-01 3.681628643101788612e-01 3.681628643101788612e-01 3.681628643101788612e-01 3.681628643101788612e-01 3.681628643101788612e-01 3.681628643101788612e-01 3.681628643101788612e-01 3.681628643101788612e-01 3.681628643101788612e-01 3.681628643101788612e-01 3.681628643101788612e-01
1.034717347986585878e+00 1.034717347986585878e+00 1.034717347986585878e+00 1.034717347986585878e+00 1.034717347986585878e+00 1.034717347986585878e+00 1.034717347986585878e+00 0.000000000000000000e+00 0.000000000000000000e+00 0.000000000000000000e+00 0.000000000000000000e+00 0.000000000000000000e+00 0.000000000000000000e+00 0.000000000000000000e+00 0.000000000000000000e+00
1.150690712120306713e+00 3.936984617798326980e-01 3.936984617798326980e-01 3.089235245547126141e-01 3.089235245547126141e-01 3.089235245547126141e-01 3.089235245547126141e-01 3.089235245547126141e-01 3.089235245547126141e-01 3.089235245547126141e-01 3.089235245547126141e-01 3.089235245547126141e-01 2.566176126562549342e-01 2.566176126562549342e-01 2.566176126562549342e-01
6.063956796792353998e+00 4.921939708921797774e+00 3.681970964719397443e+00 1.195463038357871710e+00 1.195463038357871710e+00 7.137150358533403960e-01 7.137150358533403960e-01 7.137150358533403960e-01 7.137150358533403960e-01 7.137150358533403960e-01 7.137150358533403960e-01 7.137150358533403960e-01 7.137150358533403960e-01 4.679962818195519958e-01 4.679962818195519958e-01
5.086002285913906462e+00 1.827798298879216077e+00 1.827798298879216077e+00 1.228373781771097129e-03 1.228373781771097129e-03 1.228373781771097129e-03 1.228373781771097129e-03 1.228373781771097129e-03 1.228373781771097129e-03 1.228373781771097129e-03 1.228373781771097129e-03 1.228373781771097129e-03 1.228373781771097129e-03 1.228373781771097129e-03 1.228373781771097129e-03
5.245384791956752224e+00 5.245384791956752224e+00 1.085214339596888067e+00 1.085214339596888067e+00 -7.691656784203360075e-04 -7.691656784203360075e-04 -7.691656784203360075e-04 -7.691656784203360075e-04 -7.691656784203360075e-04 -7.691656784203360075e-04 -7.691656784203360075e-04 -7.691656784203360075e-04 -7.691656784203360075e-04 -7.691656784203360075e-04 -7.691656784203360075e-04
4.900155079211288012e+00 4.900155079211288012e+00 6.079378211250201502e-01 4.130052148527454392e-01 4.130052148527454392e-01 4.130052148527454392e-01 4.130052148527454392e-01 4.130052148527454392e-01 4.130052148527454392e-01 4.130052148527454392e-01 4.130052148527454392e-01 4.130052148527454392e-01 4.130052148527454392e-01 4.130052148527454392e-01 4.130052148527454392e-01
4.917134077767570943e+00 4.917134077767570943e+00 1.996589955947683848e+00 1.996589955947683848e+00 4.209550316256809310e-01 2.945832373654866387e-01 2.945832373654866387e-01 2.945832373654866387e-01 2.945832373654866387e-01 2.945832373654866387e-01 2.945832373654866387e-01 2.945832373654866387e-01 2.945832373654866387e-01 2.945832373654866387e-01 2.945832373654866387e-01
2.491873692241150628e+00 1.728873011224046685e+00 1.728873011224046685e+00 1.728873011224046685e+00 1.728873011224046685e+00 1.728873011224046685e+00 1.728873011224046685e+00 1.728873011224046685e+00 8.351903462461871541e-01 3.724439086313058311e-02 3.724439086313058311e-02 3.724439086313058311e-02 3.724439086313058311e-02 3.724439086313058311e-02 3.724439086313058311e-02
2.005845242660510230e+00 6.864092052709906966e-01 6.864092052709906966e-01 6.864092052709906966e-01 6.864092052709906966e-01 6.864092052709906966e-01 1.445487052193641375e-01 1.445487052193641375e-01 1.445487052193641375e-01 1.445487052193641375e-01 1.445487052193641375e-01 1.445487052193641375e-01 1.445487052193641375e-01 1.445487052193641375e-01 1.445487052193641375e-01
3.302863570498260515e+00 3.302863570498260515e+00 2.737096243691439668e+00 2.737096243691439668e+00 2.737096243691439668e+00 2.737096243691439668e+00 2.737096243691439668e+00 2.737096243691439668e+00 2.737096243691439668e+00 2.737096243691439668e+00 2.737096243691439668e+00 2.737096243691439668e+00 2.737096243691439668e+00 7.675875223435468797e-02 7.675875223435468797e-02
3.916592814147196400e+00 3.916592814147196400e+00 3.916592814147196400e+00 3.916592814147196400e+00 9.664889537387466589e-01 9.664889537387466589e-01 9.664889537387466589e-01 1.831977610100352649e-01 1.831977610100352649e-01 1.831977610100352649e-01 1.831977610100352649e-01 1.831977610100352649e-01 1.831977610100352649e-01 1.831977610100352649e-01 1.831977610100352649e-01
3.782552167843057589e+00 9.879330306166593800e-01 9.879330306166593800e-01 9.879330306166593800e-01 9.879330306166593800e-01 9.879330306166593800e-01 9.879330306166593800e-01 9.879330306166593800e-01 9.879330306166593800e-01 9.879330306166593800e-01 9.879330306166593800e-01 1.369791895067464793e-01 1.369791895067464793e-01 1.369791895067464793e-01 1.369791895067464793e-01
1.660210868213995994e+00 3.454167842662059229e-02 3.454167842662059229e-02 3.454167842662059229e-02 3.454167842662059229e-02 3.454167842662059229e-02 3.454167842662059229e-02 3.454167842662059229e-02 3.454167842662059229e-02 3.454167842662059229e-02 3.454167842662059229e-02 3.454167842662059229e-02 3.454167842662059229e-02 3.454167842662059229e-02 3.454167842662059229e-02
1.368644734230414883e+00 1.368644734230414883e+00 5.502215939160919334e-01 5.502215939160919334e-01 5.502215939160919334e-01 5.502215939160919334e-01 5.502215939160919334e-01 5.502215939160919334e-01 5.502215939160919334e-01 5.502215939160919334e-01 5.502215939160919334e-01 5.502215939160919334e-01 5.502215939160919334e-01 6.249428665029199692e-02 6.249428665029199692e-02
5.457321281401848800e+00 5.141902380797546357e+00 4.924080835849931503e+00 4.924080835849931503e+00 7.280148130275847507e-01 7.280148130275847507e-01 3.925362390167492777e-01 3.925362390167492777e-01 3.925362390167492777e-01 3.925362390167492777e-01 3.925362390167492777e-01 3.925362390167492777e-01 3.925362390167492777e-01 3.925362390167492777e-01 3.925362390167492777e-01
1.279401191958186246e+00 1.279401191958186246e+00 1.279401191958186246e+00 4.018843563191012436e-01 4.018843563191012436e-01 4.018843563191012436e-01 4.018843563191012436e-01 4.018843563191012436e-01 4.018843563191012436e-01 4.018843563191012436e-01 4.018843563191012436e-01 4.018843563191012436e-01 4.018843563191012436e-01 4.018843563191012436e-01 4.018843563191012436e-01
3.129129034521147545e-01 3.129129034521147545e-01 3.129129034521147545e-01 3.129129034521147545e-01 3.129129034521147545e-01 3.129129034521147545e-01 3.129129034521147545e-01 3.129129034521147545e-01 3.106984857357133478e-01 3.106984857357133478e-01 3.106984857357133478e-01 3.106984857357133478e-01 3.106984857357133478e-01 3.106984857357133478e-01 3.106984857357133478e-01
4.066489432136535243e-01 1.712382272969108499e-01 1.712382272969108499e-01 1.712382272969108499e-01 1.712382272969108499e-01 1.712382272969108499e-01 1.712382272969108499e-01 1.712382272969108499e-01 1.712382272969108499e-01 1.712382272969108499e-01 1.712382272969108499e-01 1.712382272969108499e-01 1.712382272969108499e-01 1.712382272969108499e-01 1.712382272969108499e-01
1.044119092632758594e+00 1.044119092632758594e+00 1.044119092632758594e+00 1.044119092632758594e+00 1.044119092632758594e+00 1.044119092632758594e+00 3.734274499278740223e-01 3.734274499278740223e-01 1.135272464326533282e-01 1.135272464326533282e-01 1.135272464326533282e-01 1.135272464326533282e-01 1.135272464326533282e-01 1.135272464326533282e-01 1.135272464326533282e-01
6.586077135779461855e+00 6.482194726488160086e+00 6.482194726488160086e+00 4.342405970430490925e+00 5.389224542341253255e-02 5.389224542341253255e-02 5.389224542341253255e-02 5.389224542341253255e-02 5.389224542341253255e-02 5.389224542341253255e-02 5.389224542341253255e-02 5.389224542341253255e-02 5.389224542341253255e-02 5.389224542341253255e-02 5.389224542341253255e-02
2.302465639763129346e+00 2.302465639763129346e+00 2.302465639763129346e+00 2.302465639763129346e+00 2.302465639763129346e+00 2.302465639763129346e+00 2.302465639763129346e+00 1.697873611523381676e+00 1.697873611523381676e+00 1.697873611523381676e+00 1.697873611523381676e+00 1.697873611523381676e+00 1.569875212789601626e+00 1.569875212789601626e+00 -3.236863992195360140e-03
4.947231961164689551e+00 9.206571477157154959e-01 9.206571477157154959e-01 3.555144050831273717e-01 7.434281733493719457e-02 7.434281733493719457e-02 7.434281733493719457e-02 7.434281733493719457e-02 7.434281733493719457e-02 7.434281733493719457e-02 7.434281733493719457e-02 7.434281733493719457e-02 7.434281733493719457e-02 7.434281733493719457e-02 7.434281733493719457e-02
2.800360010862107174e+00 2.800360010862107174e+00 2.800360010862107174e+00 2.645195681280767985e+00 2.645195681280767985e+00 2.645195681280767985e+00 2.645195681280767985e+00 8.971138973462018384e-01 8.971138973462018384e-01 8.971138973462018384e-01 8.971138973462018384e-01 8.971138973462018384e-01 8.971138973462018384e-01 8.971138973462018384e-01 6.417405264181752500e-02
1.107204121042125067e+00 4.186894269264485047e-02 4.186894269264485047e-02 4.186894269264485047e-02 4.186894269264485047e-02 4.186894269264485047e-02 4.186894269264485047e-02 4.186894269264485047e-02 4.186894269264485047e-02 4.186894269264485047e-02 4.186894269264485047e-02 4.186894269264485047e-02 4.186894269264485047e-02 4.186894269264485047e-02 4.186894269264485047e-02
3.669280483524474334e+00 1.898090043185405307e+00 1.034751657401230318e+00 1.034751657401230318e+00 1.034751657401230318e+00 1.034751657401230318e+00 1.034751657401230318e+00 1.034751657401230318e+00 1.034751657401230318e+00 1.034751657401230318e+00 1.034751657401230318e+00 1.034751657401230318e+00 1.034751657401230318e+00 1.034751657401230318e+00 1.034751657401230318e+00
3.573278479341354341e+00 3.573278479341354341e+00 3.573278479341354341e+00 3.573278479341354341e+00 3.573278479341354341e+00 3.573278479341354341e+00 1.922397139861004689e+00 1.922397139861004689e+00 8.696686498808503529e-03 8.696686498808503529e-03 8.696686498808503529e-03 8.696686498808503529e-03 8.696686498808503529e-03 8.696686498808503529e-03 8.696686498808503529e-03
5.889758299787786200e+00 5.889758299787786200e+00 5.889758299787786200e+00 5.889758299787786200e+00 5.889758299787786200e+00 6.844673321252230380e-01 6.844673321252230380e-01 6.844673321252230380e-01 6.844673321252230380e-01 6.844673321252230380e-01 6.844673321252230380e-01 2.229281544971399853e-01 2.229281544971399853e-01 2.229281544971399853e-01 2.229281544971399853e-01
4.672707594707240730e+00 1.372982854212878578e-01 1.372982854212878578e-01 1.372982854212878578e-01 1.372982854212878578e-01 1.372982854212878578e-01 1.372982854212878578e-01 1.372982854212878578e-01 1.372982854212878578e-01 1.372982854212878578e-01 1.372982854212878578e-01 1.372982854212878578e-01 1.372982854212878578e-01 1.372982854212878578e-01 1.372982854212878578e-01
5.212509260192518923e+00 5.212509260192518923e+00 5.212509260192518923e+00 8.636594655010867427e-01 8.636594655010867427e-01 8.636594655010867427e-01 8.636594655010867427e-01 8.636594655010867427e-01 8.636594655010867427e-01 8.636594655010867427e-01 8.636594655010867427e-01 8.636594655010867427e-01 8.636594655010867427e-01 8.636594655010867427e-01 8.636594655010867427e-01
3.008617120426748670e+00 3.008617120426748670e+00 1.732358953450230388e+00 1.051735375039044129e+00 1.051735375039044129e+00 1.051735375039044129e+00 1.051735375039044129e+00 1.051735375039044129e+00 1.051735375039044129e+00 1.051735375039044129e+00 1.051735375039044129e+00 8.931159100029617548e-04 8.931159100029617548e-04 8.931159100029617548e-04 8.931159100029617548e-04
2.991641919341155642e+00 2.991641919341155642e+00 1.203686932936108178e+00 1.203686932936108178e+00 9.680862723323642172e-01 7.426342578021838392e-01 7.426342578021838392e-01 7.426342578021838392e-01 7.426342578021838392e-01 7.426342578021838392e-01 7.426342578021838392e-01 4.779048333692728079e-01 4.779048333692728079e-01 4.779048333692728079e-01 4.779048333692728079e-01
1.836573450740090152e+00 1.836573450740090152e+00 1.836573450740090152e+00 1.601646147746578208e-01 1.601646147746578208e-01 1.601646147746578208e-01 1.601646147746578208e-01 1.601646147746578208e-01 1.601646147746578208e-01 1.601646147746578208e-01 1.601646147746578208e-01 1.601646147746578208e-01 1.601646147746578208e-01 1.601646147746578208e-01 1.601646147746578208e-01
2.304037313323419767e+00 3.887230934311105557e-01 3.887230934311105557e-01 3.887230934311105557e-01 6.162475243291964944e-02 6.162475243291964944e-02 6.162475243291964944e-02 6.162475243291964944e-02 6.162475243291964944e-02 6.162475243291964944e-02 6.162475243291964944e-02 6.162475243291964944e-02 6.162475243291964944e-02 6.162475243291964944e-02 6.162475243291964944e-02
1.730162264675449535e+00 2.970391072474569683e-01 2.970391072474569683e-01 2.970391072474569683e-01 2.970391072474569683e-01 1.895383934295580275e-01 1.895383934295580275e-01 1.895383934295580275e-01 1.895383934295580275e-01 1.895383934295580275e-01 1.895383934295580275e-01 1.895383934295580275e-01 1.895383934295580275e-01 1.895383934295580275e-01 1.895383934295580275e-01
3.953346142212353698e+00 2.563794380435439280e+00 2.563794380435439280e+00 2.563794380435439280e+00 2.563794380435439280e+00 1.262063488037995285e+00 1.262063488037995285e+00 1.262063488037995285e+00 1.262063488037995285e+00 1.230049922814941965e-01 1.230049922814941965e-01 1.230049922814941965e-01 1.230049922814941965e-01 1.230049922814941965e-01 1.230049922814941965e-01
9.677653671836139893e+00 7.352678795944029844e+00 7.186196393024403051e+00 6.232451120997964722e+00 6.232451120997964722e+00 6.232451120997964722e+00 4.158295121265950911e+00 4.158295121265950911e+00 3.672416175082702239e-01 3.588266826662334097e-02 3.588266826662334097e-02 3.588266826662334097e-02 3.588266826662334097e-02 3.588266826662334097e-02 3.588266826662334097e-02
2.151364138162206174e-01 2.151364138162206174e-01 2.151364138162206174e-01 2.151364138162206174e-01 4.575609300591576556e-02 4.575609300591576556e-02 4.575609300591576556e-02 4.575609300591576556e-02 4.575609300591576556e-02 4.575609300591576556e-02 4.575609300591576556e-02 4.575609300591576556e-02 4.575609300591576556e-02 4.575609300591576556e-02 4.575609300591576556e-02
2.557580078163844917e+00 2.557580078163844917e+00 2.557580078163844917e+00 7.415875755170873163e-01 7.415875755170873163e-01 7.415875755170873163e-01 1.219607592413467501e-01 1.219607592413467501e-01 1.219607592413467501e-01 1.219607592413467501e-01 1.219607592413467501e-01 1.219607592413467501e-01 1.219607592413467501e-01 1.219607592413467501e-01 1.219607592413467501e-01
1.706745059720410129e+00 1.362225972862546541e+00 1.362225972862546541e+00 1.362225972862546541e+00 1.362225972862546541e+00 5.070876446716852115e-01 2.048594212866703401e-01 2.048594212866703401e-01 2.048594212866703401e-01 2.048594212866703401e-01 2.048594212866703401e-01 2.048594212866703401e-01 2.048594212866703401e-01 9.185206832819403644e-02 9.185206832819403644e-02
2.309521642364185112e+00 2.309521642364185112e+00 1.060193601435486244e-01 2.496384029807074967e-02 2.496384029807074967e-02 2.496384029807074967e-02 2.496384029807074967e-02 2.496384029807074967e-02 2.496384029807074967e-02 2.496384029807074967e-02 2.496384029807074967e-02 2.496384029807074967e-02 2.496384029807074967e-02 2.496384029807074967e-02 2.496384029807074967e-02
4.223883010832765628e+00 2.200849720631567585e+00 2.200849720631567585e+00 2.200849720631567585e+00 2.200849720631567585e+00 2.200849720631567585e+00 5.181306401784775417e-01 2.434081217595096547e-02 2.434081217595096547e-02 2.434081217595096547e-02 2.434081217595096547e-02 2.434081217595096547e-02 2.434081217595096547e-02 2.434081217595096547e-02 2.434081217595096547e-02
6.516472230471286764e+00 6.516472230471286764e+00 6.516472230471286764e+00 6.516472230471286764e+00 6.516472230471286764e+00 6.516472230471286764e+00 3.876434750377484306e-01 3.876434750377484306e-01 3.876434750377484306e-01 3.876434750377484306e-01 3.876434750377484306e-01 2.467183362240348288e-01 2.467183362240348288e-01 2.467183362240348288e-01 2.467183362240348288e-01
2.382514246127811930e+00 2.382514246127811930e+00 2.382514246127811930e+00 2.382514246127811930e+00 2.382514246127811930e+00 2.382514246127811930e+00 2.382514246127811930e+00 4.311822936226690217e-01 4.311822936226690217e-01 4.311822936226690217e-01 4.311822936226690217e-01 4.311822936226690217e-01 2.456785946634454376e-01 2.010007446449435520e-01 2.010007446449435520e-01
3.029187958874224762e+00 3.029187958874224762e+00 3.029187958874224762e+00 1.961884256686310835e+00 1.961884256686310835e+00 1.961884256686310835e+00 1.961884256686310835e+00 1.961884256686310835e+00 1.961884256686310835e+00 1.961884256686310835e+00 1.719631535281923362e+00 1.719631535281923362e+00 1.719631535281923362e+00 1.719631535281923362e+00 1.719631535281923362e+00
1.329820180240858463e+00 1.329820180240858463e+00 1.329820180240858463e+00 1.329820180240858463e+00 3.753404469565566615e-01 3.753404469565566615e-01 3.753404469565566615e-01 3.753404469565566615e-01 3.753404469565566615e-01 3.753404469565566615e-01 3.753404469565566615e-01 3.753404469565566615e-01 3.753404469565566615e-01 3.753404469565566615e-01 3.753404469565566615e-01
3.076451564941762307e+00 3.076451564941762307e+00 3.076451564941762307e+00 3.076451564941762307e+00 3.076451564941762307e+00 3.076451564941762307e+00 1.625516617664644059e+00 1.625516617664644059e+00 1.746139285852450485e-01 1.746139285852450485e-01 1.746139285852450485e-01 1.746139285852450485e-01 1.746139285852450485e-01 1.746139285852450485e-01 1.746139285852450485e-01
1.540909461206183551e+00 1.540909461206183551e+00 4.476227645914150344e-01 4.476227645914150344e-01 4.476227645914150344e-01 4.476227645914150344e-01 4.476227645914150344e-01 4.476227645914150344e-01 3.277885596080523101e-01 2.745454924634032068e-01 2.745454924634032068e-01 2.745454924634032068e-01 2.745454924634032068e-01 2.745454924634032068e-01 2.745454924634032068e-01
3.695130550161167093e+00 3.695130550161167093e+00 3.240087034118118936e+00 1.654985778934701557e+00 1.654985778934701557e+00 1.654985778934701557e+00 1.654985778934701557e+00 1.654985778934701557e+00 1.174766447940100988e-01 1.174766447940100988e-01 1.174766447940100988e-01 1.174766447940100988e-01 1.174766447940100988e-01 1.174766447940100988e-01 1.174766447940100988e-01
2.908673402513883843e+00 2.908673402513883843e+00 2.908673402513883843e+00 2.908673402513883843e+00 2.375804713979619009e+00 2.375804713979619009e+00 8.696270125642513449e-02 8.696270125642513449e-02 8.696270125642513449e-02 8.696270125642513449e-02 8.696270125642513449e-02 8.696270125642513449e-02 8.696270125642513449e-02 8.696270125642513449e-02 8.696270125642513449e-02
4.026499698302156816e+00 4.026499698302156816e+00 4.026499698302156816e+00 3.126306460805167831e+00 3.126306460805167831e+00 2.741844125507725494e+00 2.741844125507725494e+00 8.766890124148289942e-01 8.766890124148289942e-01 8.766890124148289942e-01 8.766890124148289942e-01 8.766890124148289942e-01 5.095909234438522617e-02 5.095909234438522617e-02 5.095909234438522617e-02
1.491134147536167021e+00 1.081908765225350066e+00 1.081908765225350066e+00 1.081908765225350066e+00 1.081908765225350066e+00 1.081908765225350066e+00 1.081908765225350066e+00 1.021599759354273829e+00 8.796007586697101033e-01 8.796007586697101033e-01 8.796007586697101033e-01 8.796007586697101033e-01 8.796007586697101033e-01 7.691924434105601449e-01 5.051084693693965733e-01
8.013837620620734015e-01 8.013837620620734015e-01 6.346088873124244856e-02 6.346088873124244856e-02 6.346088873124244856e-02 6.346088873124244856e-02 6.346088873124244856e-02 6.346088873124244856e-02 6.346088873124244856e-02 6.346088873124244856e-02 6.346088873124244856e-02 6.346088873124244856e-02 6.346088873124244856e-02 6.346088873124244856e-02 6.346088873124244856e-02
2.544839228793671637e+00 2.544839228793671637e+00 1.462551091392469971e-01 1.462551091392469971e-01 1.462551091392469971e-01 1.462551091392469971e-01 1.462551091392469971e-01 1.462551091392469971e-01 1.462551091392469971e-01 1.462551091392469971e-01 1.462551091392469971e-01 1.462551091392469971e-01 1.462551091392469971e-01 1.462551091392469971e-01 1.462551091392469971e-01
7.811509494144278420e+00 0.000000000000000000e+00 0.000000000000000000e+00 0.000000000000000000e+00 0.000000000000000000e+00 0.000000000000000000e+00 0.000000000000000000e+00 0.000000000000000000e+00 0.000000000000000000e+00 0.000000000000000000e+00 0.000000000000000000e+00 0.000000000000000000e+00 0.000000000000000000e+00 0.000000000000000000e+00 0.000000000000000000e+00
9.206075659045552584e+00 2.515179856634972566e+00 1.907880666636287970e-01 1.907880666636287970e-01 1.832632091895334270e-01 1.832632091895334270e-01 1.832632091895334270e-01 1.832632091895334270e-01 1.832632091895334270e-01 1.832632091895334270e-01 1.832632091895334270e-01 1.832632091895334270e-01 1.832632091895334270e-01 1.832632091895334270e-01 1.832632091895334270e-01
5.171907775320505607e-02 5.171907775320505607e-02 5.171907775320505607e-02 5.171907775320505607e-02 5.171907775320505607e-02 5.171907775320505607e-02 5.171907775320505607e-02 5.171907775320505607e-02 5.171907775320505607e-02 5.171907775320505607e-02 5.171907775320505607e-02 5.171907775320505607e-02 5.171907775320505607e-02 5.171907775320505607e-02 5.171907775320505607e-02
2.683822865038751448e+00 2.683822865038751448e+00 2.683822865038751448e+00 2.683822865038751448e+00 2.683822865038751448e+00 2.683822865038751448e+00 2.683822865038751448e+00 2.683822865038751448e+00 5.951440447200582184e-01 5.951440447200582184e-01 -7.740431177495565862e-03 -7.740431177495565862e-03 -7.740431177495565862e-03 -7.740431177495565862e-03 -7.740431177495565862e-03
4.040235305397335885e+00 4.040235305397335885e+00 2.351705914916038864e+00 2.351705914916038864e+00 2.685467256251570234e-01 2.685467256251570234e-01 2.685467256251570234e-01 9.642210333581147097e-02 9.642210333581147097e-02 9.642210333581147097e-02 9.642210333581147097e-02 9.642210333581147097e-02 9.642210333581147097e-02 9.642210333581147097e-02 9.642210333581147097e-02
2.709767145299792901e-01 2.709767145299792901e-01 2.709767145299792901e-01 2.709767145299792901e-01 2.709767145299792901e-01 2.709767145299792901e-01 2.709767145299792901e-01 2.709767145299792901e-01 2.427586349349439843e-01 2.427586349349439843e-01 2.427586349349439843e-01 1.096044511887157569e-01 1.096044511887157569e-01 1.096044511887157569e-01 1.096044511887157569e-01
6.651061738995736050e-01 6.651061738995736050e-01 6.651061738995736050e-01 2.622953125633102900e-01 2.622953125633102900e-01 2.622953125633102900e-01 2.622953125633102900e-01 2.622953125633102900e-01 2.622953125633102900e-01 2.622953125633102900e-01 2.622953125633102900e-01 2.622953125633102900e-01 2.622953125633102900e-01 2.622953125633102900e-01 2.622953125633102900e-01
6.587277809640710302e-01 4.462176450262518301e-01 4.462176450262518301e-01 8.312473871876591147e-02 8.312473871876591147e-02 8.312473871876591147e-02 8.312473871876591147e-02 8.312473871876591147e-02 8.312473871876591147e-02 8.312473871876591147e-02 8.312473871876591147e-02 8.312473871876591147e-02 8.312473871876591147e-02 8.312473871876591147e-02 8.312473871876591147e-02
4.213927505356949155e+00 4.213927505356949155e+00 1.755733435490689942e+00 1.755733435490689942e+00 1.755733435490689942e+00 1.755733435490689942e+00 2.737015372312043837e-01 9.353578022262354352e-02 9.353578022262354352e-02 9.353578022262354352e-02 9.353578022262354352e-02 9.353578022262354352e-02 9.353578022262354352e-02 9.353578022262354352e-02 9.353578022262354352e-02
1.948681385999723403e+00 1.948681385999723403e+00 9.330809976310661114e-02 9.330809976310661114e-02 9.330809976310661114e-02 9.330809976310661114e-02 9.330809976310661114e-02 9.330809976310661114e-02 9.330809976310661114e-02 9.330809976310661114e-02 9.330809976310661114e-02 9.330809976310661114e-02 9.330809976310661114e-02 9.330809976310661114e-02 9.330809976310661114e-02
1.054207668126306174e+00 1.054207668126306174e+00 6.995750697338678492e-01 6.995750697338678492e-01 6.995750697338678492e-01 6.995750697338678492e-01 6.995750697338678492e-01 6.995750697338678492e-01 6.995750697338678492e-01 4.664485734590471111e-01 1.413780581813739445e-02 1.413780581813739445e-02 1.413780581813739445e-02 1.413780581813739445e-02 1.413780581813739445e-02
4.587086865236881472e+00 9.700787660947298718e-01 9.700787660947298718e-01 2.581586842336491827e-01 2.581586842336491827e-01 2.581586842336491827e-01 2.581586842336491827e-01 2.581586842336491827e-01 2.581586842336491827e-01 2.581586842336491827e-01 2.581586842336491827e-01 2.581586842336491827e-01 2.581586842336491827e-01 2.581586842336491827e-01 2.581586842336491827e-01
2.603161290077945722e+00 6.622932395364200531e-01 4.822296038687312603e-01 4.822296038687312603e-01 4.822296038687312603e-01 4.822296038687312603e-01 4.822296038687312603e-01 1.883111925535558839e-01 1.883111925535558839e-01 1.883111925535558839e-01 1.883111925535558839e-01 1.883111925535558839e-01 1.883111925535558839e-01 1.883111925535558839e-01 1.883111925535558839e-01
6.497242821519193967e+00 1.000662434954620039e-01 1.000662434954620039e-01 1.000662434954620039e-01 1.000662434954620039e-01 1.000662434954620039e-01 1.000662434954620039e-01 1.000662434954620039e-01 1.000662434954620039e-01 1.000662434954620039e-01 1.000662434954620039e-01 1.000662434954620039e-01 1.000662434954620039e-01 1.000662434954620039e-01 1.000662434954620039e-01
2.615118288459774121e+00 2.615118288459774121e+00 2.615118288459774121e+00 2.615118288459774121e+00 2.615118288459774121e+00 2.615118288459774121e+00 2.615118288459774121e+00 7.308032014065872772e-01 7.308032014065872772e-01 7.308032014065872772e-01 7.308032014065872772e-01 2.508426604447464570e-01 2.508426604447464570e-01 2.508426604447464570e-01 2.508426604447464570e-01
3.097594300038531756e+00 8.458847452735724914e-01 8.458847452735724914e-01 8.458847452735724914e-01 2.723997956591972525e-01 2.723997956591972525e-01 2.197203476868025973e-03 2.197203476868025973e-03 2.197203476868025973e-03 2.197203476868025973e-03 2.197203476868025973e-03 2.197203476868025973e-03 2.197203476868025973e-03 2.197203476868025973e-03 2.197203476868025973e-03
2.788307056463708022e-01 2.788307056463708022e-01 2.788307056463708022e-01 2.788307056463708022e-01 2.788307056463708022e-01 2.788307056463708022e-01 2.788307056463708022e-01 2.788307056463708022e-01 2.788307056463708022e-01 2.788307056463708022e-01 2.788307056463708022e-01 2.788307056463708022e-01 2.788307056463708022e-01 2.788307056463708022e-01 2.788307056463708022e-01
3.276093167066342460e+00 1.392312981395434690e+00 1.392312981395434690e+00 2.060976527727689245e-01 2.060976527727689245e-01 2.060976527727689245e-01 2.060976527727689245e-01 2.060976527727689245e-01 2.060976527727689245e-01 2.060976527727689245e-01 2.060976527727689245e-01 2.060976527727689245e-01 2.060976527727689245e-01 2.060976527727689245e-01 2.060976527727689245e-01
2.046002904666375244e+00 2.046002904666375244e+00 1.756943592126987141e+00 2.426810414783062697e-01 2.426810414783062697e-01 2.426810414783062697e-01 2.426810414783062697e-01 2.426810414783062697e-01 2.426810414783062697e-01 2.426810414783062697e-01 2.426810414783062697e-01 2.426810414783062697e-01 2.426810414783062697e-01 2.426810414783062697e-01 2.426810414783062697e-01
4.068157440896637667e+00 2.598128437074240793e+00 1.061739985928614516e+00 5.230616126601042026e-01 5.230616126601042026e-01 1.189460499431795881e-01 1.189460499431795881e-01 1.189460499431795881e-01 7.835942489440483882e-02 7.835942489440483882e-02 7.835942489440483882e-02 7.835942489440483882e-02 7.835942489440483882e-02 7.835942489440483882e-02 7.835942489440483882e-02
4.973496408393316415e-01 1.072272810633307927e-01 1.072272810633307927e-01 1.072272810633307927e-01 1.072272810633307927e-01 1.072272810633307927e-01 1.072272810633307927e-01 1.072272810633307927e-01 1.072272810633307927e-01 1.072272810633307927e-01 1.072272810633307927e-01 1.072272810633307927e-01 1.072272810633307927e-01 1.072272810633307927e-01 1.072272810633307927e-01
9.899748815711717498e-01 9.899748815711717498e-01 3.477042802025067658e-01 3.477042802025067658e-01 6.612540230797492313e-02 6.612540230797492313e-02 6.612540230797492313e-02 6.612540230797492313e-02 6.612540230797492313e-02 6.612540230797492313e-02 6.612540230797492313e-02 6.612540230797492313e-02 6.612540230797492313e-02 6.612540230797492313e-02 6.612540230797492313e-02
3.755625409116664315e+00 3.755625409116664315e+00 3.755625409116664315e+00 3.755625409116664315e+00 3.755625409116664315e+00 3.519108952787064482e-02 3.519108952787064482e-02 3.519108952787064482e-02 3.519108952787064482e-02 3.519108952787064482e-02 3.519108952787064482e-02 3.519108952787064482e-02 3.519108952787064482e-02 3.519108952787064482e-02 3.519108952787064482e-02
2.697442656894850188e+00 2.697442656894850188e+00 9.085976553838008840e-01 9.085976553838008840e-01 9.085976553838008840e-01 9.085976553838008840e-01 9.085976553838008840e-01 9.085976553838008840e-01 9.085976553838008840e-01 1.998584952798410086e-02 1.998584952798410086e-02 1.998584952798410086e-02 1.998584952798410086e-02 1.998584952798410086e-02 1.998584952798410086e-02
7.706795848702086005e-01 5.183716234764688124e-01 1.758550862549554950e-01 1.758550862549554950e-01 1.758550862549554950e-01 1.004454334246815961e-01 1.004454334246815961e-01 1.004454334246815961e-01 1.004454334246815961e-01 1.004454334246815961e-01 1.004454334246815961e-01 1.004454334246815961e-01 1.004454334246815961e-01 1.004454334246815961e-01 1.004454334246815961e-01
1.881121787833556880e+00 1.277002841577768777e+00 1.473357164613844361e-01 1.473357164613844361e-01 1.473357164613844361e-01 1.473357164613844361e-01 1.473357164613844361e-01 1.473357164613844361e-01 1.473357164613844361e-01 1.473357164613844361e-01 1.473357164613844361e-01 1.473357164613844361e-01 1.473357164613844361e-01 1.473357164613844361e-01 1.473357164613844361e-01
4.836941754544996641e-01 4.836941754544996641e-01 4.836941754544996641e-01 4.836941754544996641e-01 4.836941754544996641e-01 4.836941754544996641e-01 4.836941754544996641e-01 4.836941754544996641e-01 4.836941754544996641e-01 4.836941754544996641e-01 4.836941754544996641e-01 4.836941754544996641e-01 4.836941754544996641e-01 1.365275193303290280e-01 1.365275193303290280e-01
5.035252170098203806e+00 1.988210004986285639e+00 1.988210004986285639e+00 1.988210004986285639e+00 3.130745537005026335e-01 3.130745537005026335e-01 3.130745537005026335e-01 3.130745537005026335e-01 3.130745537005026335e-01 3.130745537005026335e-01 3.130745537005026335e-01 3.130745537005026335e-01 3.130745537005026335e-01 3.130745537005026335e-01 3.130745537005026335e-01
1.796078404272201112e+00 1.796078404272201112e+00 1.796078404272201112e+00 1.796078404272201112e+00 1.796078404272201112e+00 1.796078404272201112e+00 1.796078404272201112e+00 1.796078404272201112e+00 1.795246860874840422e+00 1.795246860874840422e+00 1.795246860874840422e+00 1.217414799630788025e+00 1.217414799630788025e+00 1.217414799630788025e+00 1.217414799630788025e+00
4.820027486142826945e+00 2.151085966343508460e+00 2.151085966343508460e+00 3.518441263643126149e-01 3.485120288986536252e-01 3.485120288986536252e-01 3.485120288986536252e-01 3.485120288986536252e-01 3.485120288986536252e-01 3.485120288986536252e-01 3.485120288986536252e-01 3.485120288986536252e-01 3.485120288986536252e-01 3.485120288986536252e-01 3.485120288986536252e-01
1.912128815562242679e+00 1.912128815562242679e+00 1.912128815562242679e+00 1.912128815562242679e+00 1.207290730576914939e+00 1.207290730576914939e+00 1.207290730576914939e+00 1.207290730576914939e+00 1.207290730576914939e+00 1.207290730576914939e+00 1.207290730576914939e+00 1.207290730576914939e+00 1.207290730576914939e+00 1.207290730576914939e+00 5.864327789049639250e-01
2.432586461810106293e+00 2.432586461810106293e+00 9.629385867471000893e-01 9.629385867471000893e-01 9.629385867471000893e-01 9.629385867471000893e-01 9.629385867471000893e-01 8.812242773097764825e-01 8.812242773097764825e-01 1.758937069508732520e-01 1.758937069508732520e-01 1.758937069508732520e-01 1.758937069508732520e-01 1.758937069508732520e-01 1.758937069508732520e-01
4.794411872375738071e+00 4.794411872375738071e+00 4.794411872375738071e+00 5.508425238995471318e-01 5.508425238995471318e-01 5.508425238995471318e-01 5.508425238995471318e-01 5.508425238995471318e-01 2.683262293648738250e-01 4.710184236278536218e-02 4.710184236278536218e-02 4.710184236278536218e-02 4.710184236278536218e-02 4.710184236278536218e-02 4.710184236278536218e-02
