6.433710709678755357e+00 9.261105953257811052e-01 9.261105953257811052e-01 9.261105953257811052e-01 1.425124665050461203e-01 1.425124665050461203e-01 1.425124665050461203e-01 1.425124665050461203e-01 1.425124665050461203e-01 1.425124665050461203e-01 1.425124665050461203e-01 1.425124665050461203e-01 1.425124665050461203e-01 1.425124665050461203e-01 1.425124665050461203e-01
1.647834191717503671e+00 1.647834191717503671e+00 1.647834191717503671e+00 1.647834191717503671e+00 1.647834191717503671e+00 1.520244170882136814e-01 1.520244170882136814e-01 1.520244170882136814e-01 1.520244170882136814e-01 1.520244170882136814e-01 1.520244170882136814e-01 1.520244170882136814e-01 1.520244170882136814e-01 1.520244170882136814e-01 1.520244170882136814e-01
3.447014429633093791e+00 3.447014429633093791e+00 3.447014429633093791e+00 3.424417574453940460e+00 1.365262586700225711e+00 1.365262586700225711e+00 1.365262586700225711e+00 3.250709803168092549e-01 3.250709803168092549e-01 3.086589993066581883e-01 3.086589993066581883e-01 2.742419707527687933e-02 2.742419707527687933e-02 2.742419707527687933e-02 2.742419707527687933e-02
1.932146143309240838e+00 1.932146143309240838e+00 1.932146143309240838e+00 1.932146143309240838e+00 1.932146143309240838e+00 1.932146143309240838e+00 1.932146143309240838e+00 1.675965521920481649e+00 1.675965521920481649e+00 1.675965521920481649e+00 3.465849382626728925e-01 3.465849382626728925e-01 3.465849382626728925e-01 3.465849382626728925e-01 4.103482411039749422e-04
1.091624029513695859e-01 1.091624029513695859e-01 1.091624029513695859e-01 1.091624029513695859e-01 1.091624029513695859e-01 1.091624029513695859e-01 1.091624029513695859e-01 1.091624029513695859e-01 1.091624029513695859e-01 1.091624029513695859e-01 1.091624029513695859e-01 1.091624029513695859e-01 1.091624029513695859e-01 1.091624029513695859e-01 1.091624029513695859e-01
2.046766475371327942e+00 2.046766475371327942e+00 2.046766475371327942e+00 2.046766475371327942e+00 2.046766475371327942e+00 2.046766475371327942e+00 2.046766475371327942e+00 2.046766475371327942e+00 2.046766475371327942e+00 2.046766475371327942e+00 2.046766475371327942e+00 1.925891384532462780e+00 1.925891384532462780e+00 1.925891384532462780e+00 1.435322409244967901e+00
3.682421884252960353e+00 3.682421884252960353e+00 3.421496287355694221e+00 3.056384157167713056e+00 3.888533858867049275e-02 3.888533858867049275e-02 3.888533858867049275e-02 3.888533858867049275e-02 3.888533858867049275e-02 3.888533858867049275e-02 3.888533858867049275e-02 3.888533858867049275e-02 3.888533858867049275e-02 3.888533858867049275e-02 3.888533858867049275e-02
3.396286892879082586e+00 3.396286892879082586e+00 6.458746094209129041e-01 6.458746094209129041e-01 2.682653573732629582e-02 2.682653573732629582e-02 2.682653573732629582e-02 2.682653573732629582e-02 2.682653573732629582e-02 2.682653573732629582e-02 2.682653573732629582e-02 2.682653573732629582e-02 2.682653573732629582e-02 2.682653573732629582e-02 2.682653573732629582e-02
3.795084325637205325e+00 3.725415897113393271e+00 3.725415897113393271e+00 3.272993546877678739e+00 3.272993546877678739e+00 3.272993546877678739e+00 3.272993546877678739e+00 3.272993546877678739e+00 2.668135824805517586e-03 2.668135824805517586e-03 2.668135824805517586e-03 2.668135824805517586e-03 2.668135824805517586e-03 2.668135824805517586e-03 2.668135824805517586e-03
2.527257080805000555e+00 1.487505236586073920e+00 1.487505236586073920e+00 7.056509995885136277e-01 7.056509995885136277e-01 2.306296842637323152e-02 2.306296842637323152e-02 2.306296842637323152e-02 2.306296842637323152e-02 2.306296842637323152e-02 2.306296842637323152e-02 2.306296842637323152e-02 2.306296842637323152e-02 2.306296842637323152e-02 2.306296842637323152e-02
5.519600478560603207e+00 5.519600478560603207e+00 2.571988816537254863e+00 2.571988816537254863e+00 3.461889573451184532e-01 3.461889573451184532e-01 1.543091274057228901e-01 1.543091274057228901e-01 1.543091274057228901e-01 1.543091274057228901e-01 1.543091274057228901e-01 1.543091274057228901e-01 1.543091274057228901e-01 1.543091274057228901e-01 1.543091274057228901e-01
2.587064035449486710e-01 2.587064035449486710e-01 2.587064035449486710e-01 2.587064035449486710e-01 2.587064035449486710e-01 2.587064035449486710e-01 2.587064035449486710e-01 2.587064035449486710e-01 2.587064035449486710e-01 2.587064035449486710e-01 2.587064035449486710e-01 2.587064035449486710e-01 2.587064035449486710e-01 2.587064035449486710e-01 2.587064035449486710e-01
4.645271745685391807e+00 4.443983020084402824e+00 4.443983020084402824e+00 2.493559543806270540e+00 2.493559543806270540e+00 2.493559543806270540e+00 2.493559543806270540e+00 1.056548916511417247e-01 1.056548916511417247e-01 1.056548916511417247e-01 1.056548916511417247e-01 1.056548916511417247e-01 1.056548916511417247e-01 1.056548916511417247e-01 1.056548916511417247e-01
3.472867171894167271e+00 2.243769437248090526e+00 2.243769437248090526e+00 3.690286997935032787e-01 3.690286997935032787e-01 3.690286997935032787e-01 3.690286997935032787e-01 3.690286997935032787e-01 3.690286997935032787e-01 3.690286997935032787e-01 3.690286997935032787e-01 3.690286997935032787e-01 3.690286997935032787e-01 3.690286997935032787e-01 3.690286997935032787e-01
1.034717347986585878e+00 1.034717347986585878e+00 1.034717347986585878e+00 1.034717347986585878e+00 1.034717347986585878e+00 1.034717347986585878e+00 1.034717347986585878e+00 1.034717347986585878e+00 1.034717347986585878e+00 1.034717347986585878e+00 3.363633943653212555e-01 3.363633943653212555e-01 3.363633943653212555e-01 3.363633943653212555e-01 3.363633943653212555e-01
1.150690712120306713e+00 3.927400534652871755e-01 3.927400534652871755e-01 3.927400534652871755e-01 3.927400534652871755e-01 3.927400534652871755e-01 3.927400534652871755e-01 3.927400534652871755e-01 3.927400534652871755e-01 3.927400534652871755e-01 3.927400534652871755e-01 3.927400534652871755e-01 3.927400534652871755e-01 3.927400534652871755e-01 3.927400534652871755e-01
6.063956796792353998e+00 4.920433797275450161e+00 3.682359340223570143e+00 1.195362199628704047e+00 1.195362199628704047e+00 7.149056355769403126e-01 7.149056355769403126e-01 7.149056355769403126e-01 7.149056355769403126e-01 7.149056355769403126e-01 7.149056355769403126e-01 7.149056355769403126e-01 7.149056355769403126e-01 7.149056355769403126e-01 7.149056355769403126e-01
5.086002285913906462e+00 1.827189809457891556e+00 1.827189809457891556e+00 1.298863955270235238e-03 1.298863955270235238e-03 1.298863955270235238e-03 1.298863955270235238e-03 1.298863955270235238e-03 1.298863955270235238e-03 1.298863955270235238e-03 1.298863955270235238e-03 1.298863955270235238e-03 1.298863955270235238e-03 1.298863955270235238e-03 1.298863955270235238e-03
5.245384791956752224e+00 5.245384791956752224e+00 2.391071354294055595e+00 2.391071354294055595e+00 2.391071354294055595e+00 2.391071354294055595e+00 2.386406307217342260e+00 1.085214339596888067e+00 1.085214339596888067e+00 -1.037141078114700576e-03 -1.037141078114700576e-03 -1.037141078114700576e-03 -1.037141078114700576e-03 -1.037141078114700576e-03 -1.037141078114700576e-03
4.900155079211288012e+00 4.900155079211288012e+00 4.900155079211288012e+00 1.446524080382175725e+00 1.446524080382175725e+00 2.019738085292459573e-01 2.019738085292459573e-01 2.019738085292459573e-01 2.019738085292459573e-01 2.019738085292459573e-01 2.019738085292459573e-01 2.019738085292459573e-01 2.019738085292459573e-01 2.019738085292459573e-01 2.019738085292459573e-01
4.917134077767570943e+00 4.917134077767570943e+00 1.989865358390716210e+00 1.989865358390716210e+00 4.173758007593733055e-01 3.004088152404165157e-01 3.004088152404165157e-01 3.004088152404165157e-01 3.004088152404165157e-01 3.004088152404165157e-01 3.004088152404165157e-01 3.004088152404165157e-01 3.004088152404165157e-01 3.004088152404165157e-01 3.004088152404165157e-01
2.491873692241150628e+00 1.763222931227525159e+00 1.763222931227525159e+00 1.763222931227525159e+00 1.763222931227525159e+00 1.763222931227525159e+00 1.763222931227525159e+00 1.181542544982172593e+00 1.181542544982172593e+00 5.252761057108239484e-01 4.380360216379779459e-01 4.380360216379779459e-01 4.380360216379779459e-01 4.380360216379779459e-01 2.633741434176162244e-02
2.005845242660510230e+00 2.005845242660510230e+00 6.811377693613280826e-01 6.811377693613280826e-01 6.811377693613280826e-01 6.811377693613280826e-01 6.811377693613280826e-01 6.811377693613280826e-01 6.811377693613280826e-01 5.970084101303996249e-02 5.970084101303996249e-02 5.970084101303996249e-02 5.970084101303996249e-02 5.970084101303996249e-02 5.970084101303996249e-02
3.302863570498260515e+00 2.267962174860258528e+00 2.267962174860258528e+00 2.267962174860258528e+00 2.267962174860258528e+00 2.267962174860258528e+00 2.267962174860258528e+00 2.267962174860258528e+00 2.267962174860258528e+00 2.267962174860258528e+00 2.267962174860258528e+00 2.267962174860258528e+00 2.267962174860258528e+00 9.102425374749145703e-03 9.102425374749145703e-03
3.916592814147196400e+00 3.916592814147196400e+00 3.916592814147196400e+00 3.916592814147196400e+00 3.916592814147196400e+00 9.708682912236668017e-01 9.708682912236668017e-01 1.923739264770460977e-01 1.923739264770460977e-01 1.923739264770460977e-01 1.923739264770460977e-01 1.923739264770460977e-01 1.923739264770460977e-01 1.923739264770460977e-01 1.923739264770460977e-01
3.782552167843057589e+00 9.859916692957995110e-01 9.859916692957995110e-01 9.859916692957995110e-01 9.859916692957995110e-01 9.859916692957995110e-01 9.859916692957995110e-01 9.859916692957995110e-01 9.859916692957995110e-01 9.859916692957995110e-01 9.859916692957995110e-01 9.859916692957995110e-01 9.859916692957995110e-01 9.859916692957995110e-01 1.216243992976160371e-01
1.660210868213995994e+00 3.398768494938053664e-02 3.398768494938053664e-02 3.398768494938053664e-02 3.398768494938053664e-02 3.398768494938053664e-02 3.398768494938053664e-02 3.398768494938053664e-02 3.398768494938053664e-02 3.398768494938053664e-02 3.398768494938053664e-02 3.398768494938053664e-02 3.398768494938053664e-02 3.398768494938053664e-02 3.398768494938053664e-02
1.368644734230414883e+00 1.368644734230414883e+00 7.329477599120934883e-01 7.329477599120934883e-01 7.329477599120934883e-01 7.329477599120934883e-01 7.329477599120934883e-01 2.826759981942785771e-01 2.826759981942785771e-01 1.702555735449777785e-01 1.702555735449777785e-01 1.702555735449777785e-01 1.702555735449777785e-01 1.702555735449777785e-01 1.702555735449777785e-01
5.457321281401848800e+00 5.141902380797546357e+00 4.924080835849931503e+00 4.924080835849931503e+00 7.277557003467336472e-01 7.277557003467336472e-01 7.277557003467336472e-01 7.277557003467336472e-01 7.277557003467336472e-01 3.929261994005628367e-01 3.929261994005628367e-01 3.929261994005628367e-01 3.929261994005628367e-01 3.929261994005628367e-01 3.929261994005628367e-01
1.279401191958186246e+00 1.279401191958186246e+00 1.279401191958186246e+00 3.946614370736369892e-01 3.946614370736369892e-01 3.946614370736369892e-01 3.946614370736369892e-01 3.946614370736369892e-01 3.946614370736369892e-01 3.946614370736369892e-01 3.946614370736369892e-01 3.946614370736369892e-01 3.946614370736369892e-01 3.946614370736369892e-01 3.946614370736369892e-01
3.129129034521147545e-01 3.129129034521147545e-01 3.129129034521147545e-01 3.129129034521147545e-01 3.129129034521147545e-01 3.129129034521147545e-01 3.129129034521147545e-01 3.129129034521147545e-01 3.129129034521147545e-01 3.129129034521147545e-01 3.129129034521147545e-01 3.129129034521147545e-01 3.129129034521147545e-01 3.129129034521147545e-01 3.129129034521147545e-01
4.066489432136535243e-01 1.758914092243628602e-01 1.758914092243628602e-01 1.758914092243628602e-01 1.758914092243628602e-01 1.758914092243628602e-01 1.758914092243628602e-01 1.758914092243628602e-01 1.758914092243628602e-01 1.758914092243628602e-01 1.758914092243628602e-01 1.758914092243628602e-01 1.758914092243628602e-01 1.758914092243628602e-01 1.758914092243628602e-01
1.044119092632758594e+00 1.044119092632758594e+00 1.044119092632758594e+00 1.044119092632758594e+00 1.044119092632758594e+00 1.044119092632758594e+00 1.037136641771212453e+00 1.037136641771212453e+00 1.037136641771212453e+00 7.317932573680536734e-01 7.317932573680536734e-01 7.317932573680536734e-01 3.734274499278740223e-01 3.734274499278740223e-01 1.034092638757897475e-01
6.586077135779461855e+00 6.586077135779461855e+00 6.586077135779461855e+00 5.360985625478861039e+00 2.727761536058096681e+00 2.727761536058096681e+00 1.024502430254869978e-01 1.024502430254869978e-01 1.024502430254869978e-01 1.024502430254869978e-01 1.024502430254869978e-01 1.024502430254869978e-01 1.024502430254869978e-01 1.024502430254869978e-01 1.024502430254869978e-01
2.302465639763129346e+00 2.302465639763129346e+00 2.302465639763129346e+00 2.302465639763129346e+00 2.302465639763129346e+00 2.302465639763129346e+00 2.302465639763129346e+00 1.697046006499239645e+00 1.697046006499239645e+00 1.697046006499239645e+00 1.697046006499239645e+00 1.697046006499239645e+00 1.697046006499239645e+00 -2.884558667669345766e-03 -2.884558667669345766e-03
4.947231961164689551e+00 9.215540669046760058e-01 4.253166875755738374e-01 4.253166875755738374e-01 4.253166875755738374e-01 4.253166875755738374e-01 1.502000910881093887e-01 1.502000910881093887e-01 1.502000910881093887e-01 1.502000910881093887e-01 1.502000910881093887e-01 1.502000910881093887e-01 1.502000910881093887e-01 1.502000910881093887e-01 1.502000910881093887e-01
2.800360010862107174e+00 2.800360010862107174e+00 2.800360010862107174e+00 2.629972574992109458e+00 2.629972574992109458e+00 2.629972574992109458e+00 2.629972574992109458e+00 2.629972574992109458e+00 2.629972574992109458e+00 2.629972574992109458e+00 2.629972574992109458e+00 2.629972574992109458e+00 2.629972574992109458e+00 2.629972574992109458e+00 2.629972574992109458e+00
1.107204121042125067e+00 4.245568102851393633e-02 4.245568102851393633e-02 4.245568102851393633e-02 4.245568102851393633e-02 4.245568102851393633e-02 4.245568102851393633e-02 4.245568102851393633e-02 4.245568102851393633e-02 4.245568102851393633e-02 4.245568102851393633e-02 4.245568102851393633e-02 4.245568102851393633e-02 4.245568102851393633e-02 4.245568102851393633e-02
3.669280483524474334e+00 1.824448737135313081e+00 1.824448737135313081e+00 1.055046013362144208e+00 1.055046013362144208e+00 1.055046013362144208e+00 1.055046013362144208e+00 1.055046013362144208e+00 1.055046013362144208e+00 1.055046013362144208e+00 1.055046013362144208e+00 1.055046013362144208e+00 1.055046013362144208e+00 1.055046013362144208e+00 1.055046013362144208e+00
3.573278479341354341e+00 3.573278479341354341e+00 3.573278479341354341e+00 3.573278479341354341e+00 3.573278479341354341e+00 3.573278479341354341e+00 1.922397139861004689e+00 1.922397139861004689e+00 7.886908808842463259e-03 7.886908808842463259e-03 7.886908808842463259e-03 7.886908808842463259e-03 7.886908808842463259e-03 7.886908808842463259e-03 7.886908808842463259e-03
5.889758299787786200e+00 5.889758299787786200e+00 5.889758299787786200e+00 5.889758299787786200e+00 5.889758299787786200e+00 6.772566563836903697e-01 6.772566563836903697e-01 6.772566563836903697e-01 6.772566563836903697e-01 6.772566563836903697e-01 6.772566563836903697e-01 2.354303334658425229e-01 2.354303334658425229e-01 2.354303334658425229e-01 2.354303334658425229e-01
4.672707594707240730e+00 1.368485100884200278e-01 1.368485100884200278e-01 1.368485100884200278e-01 1.368485100884200278e-01 1.368485100884200278e-01 1.368485100884200278e-01 1.368485100884200278e-01 1.368485100884200278e-01 1.368485100884200278e-01 1.368485100884200278e-01 1.368485100884200278e-01 1.368485100884200278e-01 1.368485100884200278e-01 1.368485100884200278e-01
5.212509260192518923e+00 5.212509260192518923e+00 5.212509260192518923e+00 8.636594655010867427e-01 8.636594655010867427e-01 8.636594655010867427e-01 8.636594655010867427e-01 8.636594655010867427e-01 8.636594655010867427e-01 8.636594655010867427e-01 8.636594655010867427e-01 8.636594655010867427e-01 8.636594655010867427e-01 8.636594655010867427e-01 8.636594655010867427e-01
3.008617120426748670e+00 3.008617120426748670e+00 1.732490005331499106e+00 1.051637104830973612e+00 1.051637104830973612e+00 1.051637104830973612e+00 1.051637104830973612e+00 1.051637104830973612e+00 1.051637104830973612e+00 1.051637104830973612e+00 1.815892725383605466e-02 1.815892725383605466e-02 1.815892725383605466e-02 1.815892725383605466e-02 1.815892725383605466e-02
2.991641919341155642e+00 2.991641919341155642e+00 1.203385749421080675e+00 1.203385749421080675e+00 9.689784332461854888e-01 7.926820894845718612e-01 7.926820894845718612e-01 7.926820894845718612e-01 7.926820894845718612e-01 7.926820894845718612e-01 7.926820894845718612e-01 7.926820894845718612e-01 4.699774894780759382e-01 4.699774894780759382e-01 4.699774894780759382e-01
1.836573450740090152e+00 1.836573450740090152e+00 1.836573450740090152e+00 1.380786962681668228e-01 1.380786962681668228e-01 1.380786962681668228e-01 1.380786962681668228e-01 1.380786962681668228e-01 1.380786962681668228e-01 1.380786962681668228e-01 1.380786962681668228e-01 1.380786962681668228e-01 1.380786962681668228e-01 1.380786962681668228e-01 1.380786962681668228e-01
2.304037313323419767e+00 3.888819976135096113e-01 3.888819976135096113e-01 3.888819976135096113e-01 3.888819976135096113e-01 3.888819976135096113e-01 3.888819976135096113e-01 3.888819976135096113e-01 3.888819976135096113e-01 3.888819976135096113e-01 5.587082639664231465e-02 5.587082639664231465e-02 5.587082639664231465e-02 5.587082639664231465e-02 5.587082639664231465e-02
1.730162264675449535e+00 2.973724695450812305e-01 2.973724695450812305e-01 2.973724695450812305e-01 2.973724695450812305e-01 2.973724695450812305e-01 2.973724695450812305e-01 2.973724695450812305e-01 2.973724695450812305e-01 2.973724695450812305e-01 2.973724695450812305e-01 1.610326548514251499e-01 1.610326548514251499e-01 1.610326548514251499e-01 1.610326548514251499e-01
3.953346142212353698e+00 2.560883532304103483e+00 2.560883532304103483e+00 2.560883532304103483e+00 1.342162744704580746e+00 1.342162744704580746e+00 1.342162744704580746e+00 5.635181187321336438e-01 5.635181187321336438e-01 2.642660778058996129e-01 2.642660778058996129e-01 2.642660778058996129e-01 2.642660778058996129e-01 2.642660778058996129e-01 2.642660778058996129e-01
9.677653671836139893e+00 7.388122925056961776e+00 7.388122925056961776e+00 6.232451120997964722e+00 5.632795153283410627e+00 2.938931060314416754e+00 2.938931060314416754e+00 2.995772322769596485e-02 2.995772322769596485e-02 2.995772322769596485e-02 2.995772322769596485e-02 2.995772322769596485e-02 2.995772322769596485e-02 2.995772322769596485e-02 2.995772322769596485e-02
2.151364138162206174e-01 2.151364138162206174e-01 2.151364138162206174e-01 2.151364138162206174e-01 2.151364138162206174e-01 2.151364138162206174e-01 3.789332997464622821e-02 3.789332997464622821e-02 3.789332997464622821e-02 3.789332997464622821e-02 3.789332997464622821e-02 3.789332997464622821e-02 3.789332997464622821e-02 3.789332997464622821e-02 3.789332997464622821e-02
2.557580078163844917e+00 2.557580078163844917e+00 2.557580078163844917e+00 6.253827074117452867e-01 6.253827074117452867e-01 6.253827074117452867e-01 1.774563274332194851e-01 1.774563274332194851e-01 1.774563274332194851e-01 1.774563274332194851e-01 1.774563274332194851e-01 1.774563274332194851e-01 1.774563274332194851e-01 1.774563274332194851e-01 1.774563274332194851e-01
1.706745059720410129e+00 1.706745059720410129e+00 1.419947273985599168e+00 1.419947273985599168e+00 3.088610693736484336e-01 1.198225098406879852e-01 1.198225098406879852e-01 1.198225098406879852e-01 1.198225098406879852e-01 1.198225098406879852e-01 1.198225098406879852e-01 1.198225098406879852e-01 1.198225098406879852e-01 1.198225098406879852e-01 1.198225098406879852e-01
2.309521642364185112e+00 2.309521642364185112e+00 1.079054420029592620e-01 1.079054420029592620e-01 1.079054420029592620e-01 1.079054420029592620e-01 1.079054420029592620e-01 1.079054420029592620e-01 1.079054420029592620e-01 1.079054420029592620e-01 1.079054420029592620e-01 1.079054420029592620e-01 1.079054420029592620e-01 1.079054420029592620e-01 1.079054420029592620e-01
4.223883010832765628e+00 4.223883010832765628e+00 2.121145102078188849e+00 7.151318806112749726e-01 7.151318806112749726e-01 7.151318806112749726e-01 7.151318806112749726e-01 1.129305517032443973e-01 1.129305517032443973e-01 1.129305517032443973e-01 1.129305517032443973e-01 1.129305517032443973e-01 1.129305517032443973e-01 1.129305517032443973e-01 1.129305517032443973e-01
6.516472230471286764e+00 6.516472230471286764e+00 6.516472230471286764e+00 6.516472230471286764e+00 6.516472230471286764e+00 6.516472230471286764e+00 6.516472230471286764e+00 3.750071735760229785e-01 8.599366988050860527e-03 8.599366988050860527e-03 8.599366988050860527e-03 8.599366988050860527e-03 8.599366988050860527e-03 8.599366988050860527e-03 8.599366988050860527e-03
2.382514246127811930e+00 2.382514246127811930e+00 2.382514246127811930e+00 2.382514246127811930e+00 2.382514246127811930e+00 2.382514246127811930e+00 2.382514246127811930e+00 4.315391423575647423e-01 4.315391423575647423e-01 4.315391423575647423e-01 4.315391423575647423e-01 2.580259033876473040e-01 2.008844074725288920e-01 2.008844074725288920e-01 2.008844074725288920e-01
3.029187958874224762e+00 3.029187958874224762e+00 3.029187958874224762e+00 1.749600030846551135e+00 1.749600030846551135e+00 1.749600030846551135e+00 1.749600030846551135e+00 1.749600030846551135e+00 1.749600030846551135e+00 1.749600030846551135e+00 1.483083631812014858e+00 1.483083631812014858e+00 1.483083631812014858e+00 1.483083631812014858e+00 1.483083631812014858e+00
1.329820180240858463e+00 1.329820180240858463e+00 1.329820180240858463e+00 1.329820180240858463e+00 1.329820180240858463e+00 1.329820180240858463e+00 3.371301124292358509e-01 3.371301124292358509e-01 3.371301124292358509e-01 3.371301124292358509e-01 3.371301124292358509e-01 3.371301124292358509e-01 3.371301124292358509e-01 3.371301124292358509e-01 3.371301124292358509e-01
3.076451564941762307e+00 3.076451564941762307e+00 3.076451564941762307e+00 3.076451564941762307e+00 2.174810500779301492e+00 2.174810500779301492e+00 2.174810500779301492e+00 2.174810500779301492e+00 2.174810500779301492e+00 2.174810500779301492e+00 2.174810500779301492e+00 2.174810500779301492e+00 2.174810500779301492e+00 2.174810500779301492e+00 2.174810500779301492e+00
1.540909461206183551e+00 1.540909461206183551e+00 1.540909461206183551e+00 4.480543677804007530e-01 4.480543677804007530e-01 4.480543677804007530e-01 4.480543677804007530e-01 4.480543677804007530e-01 3.254363452651887201e-01 2.749613251253322233e-01 2.749613251253322233e-01 2.749613251253322233e-01 2.749613251253322233e-01 2.749613251253322233e-01 2.749613251253322233e-01
3.695130550161167093e+00 3.253334160569124833e+00 3.253334160569124833e+00 1.693738119425347577e+00 1.693738119425347577e+00 1.693738119425347577e+00 1.693738119425347577e+00 1.693738119425347577e+00 3.779076197201902687e-02 3.779076197201902687e-02 3.779076197201902687e-02 3.779076197201902687e-02 3.779076197201902687e-02 3.779076197201902687e-02 3.779076197201902687e-02
2.908673402513883843e+00 2.908673402513883843e+00 2.908673402513883843e+00 2.908673402513883843e+00 2.374196131858639092e+00 2.374196131858639092e+00 2.374196131858639092e+00 7.120455313383899920e-02 7.120455313383899920e-02 7.120455313383899920e-02 7.120455313383899920e-02 7.120455313383899920e-02 7.120455313383899920e-02 7.120455313383899920e-02 7.120455313383899920e-02
4.026499698302156816e+00 4.026499698302156816e+00 4.026499698302156816e+00 3.126306460805167831e+00 3.126306460805167831e+00 2.742279471247854872e+00 2.742279471247854872e+00 8.790517902703527398e-01 8.790517902703527398e-01 8.790517902703527398e-01 8.790517902703527398e-01 4.801019048278476475e-02 4.801019048278476475e-02 4.801019048278476475e-02 4.801019048278476475e-02
1.491134147536167021e+00 1.491134147536167021e+00 1.117537426571999504e+00 1.117537426571999504e+00 1.117537426571999504e+00 1.117537426571999504e+00 1.117537426571999504e+00 1.117537426571999504e+00 1.117537426571999504e+00 1.117537426571999504e+00 1.117537426571999504e+00 8.256685917130539565e-01 8.256685917130539565e-01 8.256685917130539565e-01 1.305620629815393841e-01
8.013837620620734015e-01 8.013837620620734015e-01 6.523248138694270892e-02 6.523248138694270892e-02 6.523248138694270892e-02 6.523248138694270892e-02 6.523248138694270892e-02 6.523248138694270892e-02 6.523248138694270892e-02 6.523248138694270892e-02 6.523248138694270892e-02 6.523248138694270892e-02 6.523248138694270892e-02 6.523248138694270892e-02 6.523248138694270892e-02
2.544839228793671637e+00 2.544839228793671637e+00 2.544839228793671637e+00 7.452064752760634292e-02 7.452064752760634292e-02 7.452064752760634292e-02 7.452064752760634292e-02 7.452064752760634292e-02 7.452064752760634292e-02 7.452064752760634292e-02 7.452064752760634292e-02 7.452064752760634292e-02 7.452064752760634292e-02 7.452064752760634292e-02 7.452064752760634292e-02
7.811509494144278420e+00 5.052499784168560382e+00 5.052499784168560382e+00 3.904534043883266747e+00 3.517963789594105606e+00 3.517963789594105606e+00 3.517963789594105606e+00 3.517963789594105606e+00 0.000000000000000000e+00 0.000000000000000000e+00 0.000000000000000000e+00 0.000000000000000000e+00 0.000000000000000000e+00 0.000000000000000000e+00 0.000000000000000000e+00
9.206075659045552584e+00 3.118954749804743187e-01 3.118954749804743187e-01 1.606983573594789050e-01 1.606983573594789050e-01 1.606983573594789050e-01 1.606983573594789050e-01 1.606983573594789050e-01 1.606983573594789050e-01 1.606983573594789050e-01 1.606983573594789050e-01 1.606983573594789050e-01 1.606983573594789050e-01 1.606983573594789050e-01 1.606983573594789050e-01
5.171907775320505607e-02 5.171907775320505607e-02 5.171907775320505607e-02 5.171907775320505607e-02 5.171907775320505607e-02 5.171907775320505607e-02 5.171907775320505607e-02 5.171907775320505607e-02 5.171907775320505607e-02 5.171907775320505607e-02 5.171907775320505607e-02 5.171907775320505607e-02 5.171907775320505607e-02 5.171907775320505607e-02 5.171907775320505607e-02
2.683822865038751448e+00 2.683822865038751448e+00 2.683822865038751448e+00 2.683822865038751448e+00 2.683822865038751448e+00 2.683822865038751448e+00 2.683822865038751448e+00 2.683822865038751448e+00 2.683822865038751448e+00 7.265322570653154344e-01 7.265322570653154344e-01 -7.659277389365115596e-03 -7.659277389365115596e-03 -7.659277389365115596e-03 -7.659277389365115596e-03
4.040235305397335885e+00 4.040235305397335885e+00 2.348420006945985961e+00 2.348420006945985961e+00 2.690926700377360703e-01 2.690926700377360703e-01 2.690926700377360703e-01 2.690926700377360703e-01 2.690926700377360703e-01 1.021910782624502190e-01 1.021910782624502190e-01 1.021910782624502190e-01 1.021910782624502190e-01 1.021910782624502190e-01 1.021910782624502190e-01
2.709767145299792901e-01 2.709767145299792901e-01 2.709767145299792901e-01 2.709767145299792901e-01 1.165125484603777295e-01 1.165125484603777295e-01 1.165125484603777295e-01 1.165125484603777295e-01 1.165125484603777295e-01 1.165125484603777295e-01 1.165125484603777295e-01 1.165125484603777295e-01 1.165125484603777295e-01 1.165125484603777295e-01 1.165125484603777295e-01
6.651061738995736050e-01 6.651061738995736050e-01 2.859452643347140111e-01 2.859452643347140111e-01 2.859452643347140111e-01 2.859452643347140111e-01 2.859452643347140111e-01 2.859452643347140111e-01 2.859452643347140111e-01 2.859452643347140111e-01 2.859452643347140111e-01 2.859452643347140111e-01 2.859452643347140111e-01 2.859452643347140111e-01 2.859452643347140111e-01
6.587277809640710302e-01 4.459662559843877716e-01 4.459662559843877716e-01 8.282372420478623098e-02 8.282372420478623098e-02 8.282372420478623098e-02 8.282372420478623098e-02 8.282372420478623098e-02 8.282372420478623098e-02 8.282372420478623098e-02 8.282372420478623098e-02 8.282372420478623098e-02 8.282372420478623098e-02 8.282372420478623098e-02 8.282372420478623098e-02
4.213927505356949155e+00 4.213927505356949155e+00 1.755557436291574902e+00 1.755557436291574902e+00 3.396724449854673367e-01 3.396724449854673367e-01 7.740788658998098981e-02 7.740788658998098981e-02 7.740788658998098981e-02 7.740788658998098981e-02 7.740788658998098981e-02 7.740788658998098981e-02 7.740788658998098981e-02 7.740788658998098981e-02 7.740788658998098981e-02
1.948681385999723403e+00 1.948681385999723403e+00 9.268262419474382341e-02 9.268262419474382341e-02 9.268262419474382341e-02 9.268262419474382341e-02 9.268262419474382341e-02 9.268262419474382341e-02 9.268262419474382341e-02 9.268262419474382341e-02 9.268262419474382341e-02 9.268262419474382341e-02 9.268262419474382341e-02 9.268262419474382341e-02 9.268262419474382341e-02
1.054207668126306174e+00 1.054207668126306174e+00 7.012583506985663462e-01 7.012583506985663462e-01 7.012583506985663462e-01 7.012583506985663462e-01 7.012583506985663462e-01 7.012583506985663462e-01 7.012583506985663462e-01 3.373252260256265345e-02 3.373252260256265345e-02 3.373252260256265345e-02 3.373252260256265345e-02 3.373252260256265345e-02 3.373252260256265345e-02
4.587086865236881472e+00 1.012609267041170824e+00 1.012609267041170824e+00 1.012609267041170824e+00 2.395061768618234055e-01 2.395061768618234055e-01 2.395061768618234055e-01 2.395061768618234055e-01 2.395061768618234055e-01 2.395061768618234055e-01 2.395061768618234055e-01 2.395061768618234055e-01 2.395061768618234055e-01 2.395061768618234055e-01 2.395061768618234055e-01
2.603161290077945722e+00 2.603161290077945722e+00 1.212526488085131859e+00 6.657093755009926284e-01 6.657093755009926284e-01 4.273045257987178047e-01 4.273045257987178047e-01 1.979430110095563577e-01 1.979430110095563577e-01 1.979430110095563577e-01 1.979430110095563577e-01 1.979430110095563577e-01 1.979430110095563577e-01 1.979430110095563577e-01 1.979430110095563577e-01
6.497242821519193967e+00 9.978520616459718440e-02 9.978520616459718440e-02 9.978520616459718440e-02 9.978520616459718440e-02 9.978520616459718440e-02 9.978520616459718440e-02 9.978520616459718440e-02 9.978520616459718440e-02 9.978520616459718440e-02 9.978520616459718440e-02 9.978520616459718440e-02 9.978520616459718440e-02 9.978520616459718440e-02 9.978520616459718440e-02
2.615118288459774121e+00 2.615118288459774121e+00 2.615118288459774121e+00 2.615118288459774121e+00 2.615118288459774121e+00 2.615118288459774121e+00 2.615118288459774121e+00 1.274387638630614106e+00 1.274387638630614106e+00 2.541162890588708478e-01 2.541162890588708478e-01 2.541162890588708478e-01 2.541162890588708478e-01 2.541162890588708478e-01 2.541162890588708478e-01
3.097594300038531756e+00 8.458847452735724914e-01 8.458847452735724914e-01 8.458847452735724914e-01 2.699830487864005590e-01 2.699830487864005590e-01 2.256757103737072612e-03 2.256757103737072612e-03 2.256757103737072612e-03 2.256757103737072612e-03 2.256757103737072612e-03 2.256757103737072612e-03 2.256757103737072612e-03 2.256757103737072612e-03 2.256757103737072612e-03
2.788307056463708022e-01 2.788307056463708022e-01 2.788307056463708022e-01 2.788307056463708022e-01 2.788307056463708022e-01 2.788307056463708022e-01 2.788307056463708022e-01 2.788307056463708022e-01 2.788307056463708022e-01 2.788307056463708022e-01 2.788307056463708022e-01 2.788307056463708022e-01 2.788307056463708022e-01 2.788307056463708022e-01 2.788307056463708022e-01
3.276093167066342460e+00 1.584585549811663441e+00 2.240374260691169184e-02 2.240374260691169184e-02 2.240374260691169184e-02 2.240374260691169184e-02 2.240374260691169184e-02 2.240374260691169184e-02 2.240374260691169184e-02 2.240374260691169184e-02 2.240374260691169184e-02 2.240374260691169184e-02 2.240374260691169184e-02 2.240374260691169184e-02 2.240374260691169184e-02
2.046002904666375244e+00 2.046002904666375244e+00 1.625083185868405167e+00 1.625083185868405167e+00 1.256228331860000935e-01 1.256228331860000935e-01 1.256228331860000935e-01 1.256228331860000935e-01 1.256228331860000935e-01 1.256228331860000935e-01 1.256228331860000935e-01 1.256228331860000935e-01 1.256228331860000935e-01 1.256228331860000935e-01 1.256228331860000935e-01
4.068157440896637667e+00 2.579653302397776571e+00 1.063696290770156594e+00 4.816085670255922935e-01 4.816085670255922935e-01 4.816085670255922935e-01 4.816085670255922935e-01 4.816085670255922935e-01 4.816085670255922935e-01 4.816085670255922935e-01 4.816085670255922935e-01 4.816085670255922935e-01 4.816085670255922935e-01 8.302581093714778149e-02 8.302581093714778149e-02
4.973496408393316415e-01 1.093151580025164549e-01 1.093151580025164549e-01 1.093151580025164549e-01 1.093151580025164549e-01 1.093151580025164549e-01 1.093151580025164549e-01 1.093151580025164549e-01 1.093151580025164549e-01 1.093151580025164549e-01 1.093151580025164549e-01 1.093151580025164549e-01 1.093151580025164549e-01 1.093151580025164549e-01 1.093151580025164549e-01
9.899748815711717498e-01 9.899748815711717498e-01 3.436595055304536572e-01 3.436595055304536572e-01 3.436595055304536572e-01 6.614468201490808497e-02 6.614468201490808497e-02 6.614468201490808497e-02 6.614468201490808497e-02 6.614468201490808497e-02 6.614468201490808497e-02 6.614468201490808497e-02 6.614468201490808497e-02 6.614468201490808497e-02 6.614468201490808497e-02
3.755625409116664315e+00 3.755625409116664315e+00 3.755625409116664315e+00 3.755625409116664315e+00 6.160355944939510664e-02 6.160355944939510664e-02 6.160355944939510664e-02 6.160355944939510664e-02 6.160355944939510664e-02 6.160355944939510664e-02 6.160355944939510664e-02 6.160355944939510664e-02 6.160355944939510664e-02 6.160355944939510664e-02 6.160355944939510664e-02
2.697442656894850188e+00 2.697442656894850188e+00 8.759933596898008545e-01 8.759933596898008545e-01 8.759933596898008545e-01 8.759933596898008545e-01 8.759933596898008545e-01 8.759933596898008545e-01 8.759933596898008545e-01 8.759933596898008545e-01 6.045282128707185620e-01 6.045282128707185620e-01 6.045282128707185620e-01 3.490900227734528016e-02 3.490900227734528016e-02
7.706795848702086005e-01 5.201601041785011148e-01 1.599592533383997761e-01 1.599592533383997761e-01 1.599592533383997761e-01 1.599592533383997761e-01 1.599592533383997761e-01 1.599592533383997761e-01 1.070753091671292623e-01 1.070753091671292623e-01 1.070753091671292623e-01 1.070753091671292623e-01 1.070753091671292623e-01 1.070753091671292623e-01 1.070753091671292623e-01
1.881121787833556880e+00 1.269568614244917626e+00 1.437926574030825577e-01 1.437926574030825577e-01 1.437926574030825577e-01 1.437926574030825577e-01 1.437926574030825577e-01 1.437926574030825577e-01 1.437926574030825577e-01 1.437926574030825577e-01 1.437926574030825577e-01 1.437926574030825577e-01 1.437926574030825577e-01 1.437926574030825577e-01 1.437926574030825577e-01
4.836941754544996641e-01 4.836941754544996641e-01 4.836941754544996641e-01 4.836941754544996641e-01 4.836941754544996641e-01 4.836941754544996641e-01 4.836941754544996641e-01 4.836941754544996641e-01 4.836941754544996641e-01 4.836941754544996641e-01 4.836941754544996641e-01 4.836941754544996641e-01 4.836941754544996641e-01 4.836941754544996641e-01 4.836941754544996641e-01
5.035252170098203806e+00 1.982940063711225775e+00 1.982940063711225775e+00 3.130745537005026335e-01 3.130745537005026335e-01 3.130745537005026335e-01 3.130745537005026335e-01 3.130745537005026335e-01 3.130745537005026335e-01 3.130745537005026335e-01 3.130745537005026335e-01 3.130745537005026335e-01 3.130745537005026335e-01 3.130745537005026335e-01 3.130745537005026335e-01
1.796078404272201112e+00 1.796078404272201112e+00 1.796078404272201112e+00 1.796078404272201112e+00 1.796078404272201112e+00 1.796078404272201112e+00 1.796078404272201112e+00 1.796078404272201112e+00 1.796078404272201112e+00 1.796078404272201112e+00 1.796078404272201112e+00 1.796078404272201112e+00 1.796078404272201112e+00 1.767969876459574152e+00 1.733408693929504807e+00
4.820027486142826945e+00 2.151085966343508460e+00 2.151085966343508460e+00 2.151085966343508460e+00 3.526257333325020227e-01 3.526257333325020227e-01 3.520034721894944596e-01 3.520034721894944596e-01 3.520034721894944596e-01 3.520034721894944596e-01 3.520034721894944596e-01 3.520034721894944596e-01 3.520034721894944596e-01 3.520034721894944596e-01 3.520034721894944596e-01
1.912128815562242679e+00 1.912128815562242679e+00 1.912128815562242679e+00 1.912128815562242679e+00 1.912128815562242679e+00 1.291208965825717314e+00 1.291208965825717314e+00 1.291208965825717314e+00 1.235769346297729498e+00 1.235769346297729498e+00 1.235769346297729498e+00 1.235769346297729498e+00 1.235769346297729498e+00 1.235769346297729498e+00 1.229183848455249972e+00
2.432586461810106293e+00 2.432586461810106293e+00 1.852243819097978417e+00 1.852243819097978417e+00 1.852243819097978417e+00 1.852243819097978417e+00 9.626474741139645630e-01 9.261753275401787278e-01 9.261753275401787278e-01 9.261753275401787278e-01 9.261753275401787278e-01 9.261753275401787278e-01 1.758937069508732520e-01 1.758937069508732520e-01 1.758937069508732520e-01
4.794411872375738071e+00 4.794411872375738071e+00 4.794411872375738071e+00 5.508425238995471318e-01 5.508425238995471318e-01 5.508425238995471318e-01 5.508425238995471318e-01 5.508425238995471318e-01 5.508425238995471318e-01 5.508425238995471318e-01 2.738295499075178441e-01 4.567369131882514921e-02 4.567369131882514921e-02 4.567369131882514921e-02 4.567369131882514921e-02
