-5.092802967111018653e-01 -1.423852446398625737e-01 -1.292846660023405647e-02 -1.292846660023405647e-02 -1.292846660023405647e-02 -1.292846660023405647e-02 -1.292846660023405647e-02 -1.292846660023405647e-02 -1.292846660023405647e-02 -1.292846660023405647e-02 -1.292846660023405647e-02 -1.292846660023405647e-02 -1.292846660023405647e-02 -1.292846660023405647e-02 -1.292846660023405647e-02 -1.292846660023405647e-02 -1.422076277936223931e-03 -1.422076277936223931e-03 -1.422076277936223931e-03 -1.422076277936223931e-03 -1.422076277936223931e-03
-1.135241039473084967e-01 -1.135241039473084967e-01 -1.024836425383692795e-01 -1.024836425383692795e-01 -1.024836425383692795e-01 -2.307680711556170383e-02 -2.307680711556170383e-02 -2.307680711556170383e-02 -2.307680711556170383e-02 -2.307680711556170383e-02 -2.307680711556170383e-02 -2.307680711556170383e-02 -2.307680711556170383e-02 -2.307680711556170383e-02 -2.307680711556170383e-02 -2.307680711556170383e-02 -7.744233759991558941e-03 -7.744233759991558941e-03 -5.745183895862648882e-03 -5.745183895862648882e-03 -5.745183895862648882e-03
-2.113251580102608607e-01 -2.113251580102608607e-01 -6.244932903655575629e-03 -6.244932903655575629e-03 -6.244932903655575629e-03 -6.244932903655575629e-03 -6.244932903655575629e-03 -6.244932903655575629e-03 -6.244932903655575629e-03 -6.244932903655575629e-03 -6.244932903655575629e-03 -6.244932903655575629e-03 -6.244932903655575629e-03 -6.244932903655575629e-03 -6.244932903655575629e-03 -6.244932903655575629e-03 -6.244932903655575629e-03 -6.244932903655575629e-03 -6.244932903655575629e-03 -6.244932903655575629e-03 -6.244932903655575629e-03
-3.426662714945137855e-01 -3.426662714945137855e-01 -1.528328954412141449e-01 -1.528328954412141449e-01 -3.842343773655954031e-02 -3.842343773655954031e-02 -3.842343773655954031e-02 -7.438021754277657216e-03 -7.438021754277657216e-03 -7.438021754277657216e-03 -7.438021754277657216e-03 -7.438021754277657216e-03 -7.438021754277657216e-03 -7.438021754277657216e-03 -7.438021754277657216e-03 -7.438021754277657216e-03 -7.438021754277657216e-03 -7.438021754277657216e-03 -7.438021754277657216e-03 -7.438021754277657216e-03 -7.438021754277657216e-03
-1.595824388347966138e-01 -1.368425855961528104e-01 -7.343306303676078173e-02 -7.343306303676078173e-02 -9.114308971924223179e-03 -9.114308971924223179e-03 -9.114308971924223179e-03 -9.114308971924223179e-03 -9.114308971924223179e-03 -9.114308971924223179e-03 -9.114308971924223179e-03 -9.114308971924223179e-03 -9.114308971924223179e-03 -9.114308971924223179e-03 -9.114308971924223179e-03 -9.114308971924223179e-03 -9.114308971924223179e-03 -9.114308971924223179e-03 -9.114308971924223179e-03 -9.114308971924223179e-03 -9.114308971924223179e-03
-4.432858048497578807e-02 -4.432858048497578807e-02 -4.432858048497578807e-02 -4.432858048497578807e-02 -4.432858048497578807e-02 -4.432858048497578807e-02 -4.432858048497578807e-02 -4.432858048497578807e-02 -4.432858048497578807e-02 -3.327990307884287624e-02 -1.419062327656772649e-02 -1.419062327656772649e-02 -1.419062327656772649e-02 -1.419062327656772649e-02 -1.419062327656772649e-02 -1.419062327656772649e-02 -1.419062327656772649e-02 -1.419062327656772649e-02 -1.419062327656772649e-02 -1.419062327656772649e-02 -1.419062327656772649e-02
-1.522314425243742608e-02 -1.522314425243742608e-02 -1.522314425243742608e-02 -1.522314425243742608e-02 -1.522314425243742608e-02 -1.522314425243742608e-02 -1.522314425243742608e-02 -1.522314425243742608e-02 -1.522314425243742608e-02 -1.522314425243742608e-02 -1.522314425243742608e-02 -1.522314425243742608e-02 -1.522314425243742608e-02 -1.522314425243742608e-02 -9.755098564698472252e-03 -9.755098564698472252e-03 -9.755098564698472252e-03 -9.755098564698472252e-03 -9.755098564698472252e-03 -9.755098564698472252e-03 -9.755098564698472252e-03
-5.001435305643111562e-01 -2.925418547726179597e-01 -4.288420145560634111e-02 -4.288420145560634111e-02 -4.288420145560634111e-02 -4.288420145560634111e-02 -4.288420145560634111e-02 -4.288420145560634111e-02 -4.288420145560634111e-02 -4.288420145560634111e-02 -1.787906959693774667e-02 -1.787906959693774667e-02 -1.787906959693774667e-02 -1.787906959693774667e-02 -1.787906959693774667e-02 -1.787906959693774667e-02 -1.787906959693774667e-02 -1.787906959693774667e-02 -1.787906959693774667e-02 -1.787906959693774667e-02 -1.787906959693774667e-02
-3.697356928103745499e-02 -3.697356928103745499e-02 -3.697356928103745499e-02 -3.697356928103745499e-02 -3.697356928103745499e-02 -3.697356928103745499e-02 -1.029943392415466619e-03 -1.029943392415466619e-03 -1.029943392415466619e-03 -1.029943392415466619e-03 -1.029943392415466619e-03 -1.029943392415466619e-03 -1.029943392415466619e-03 -1.029943392415466619e-03 -1.029943392415466619e-03 -1.029943392415466619e-03 -1.029943392415466619e-03 -1.029943392415466619e-03 -1.029943392415466619e-03 -1.029943392415466619e-03 -1.029943392415466619e-03
-1.286321930617508880e-01 -1.286321930617508880e-01 -1.286321930617508880e-01 -1.736162650801897911e-02 -1.736162650801897911e-02 -1.736162650801897911e-02 -1.736162650801897911e-02 -1.736162650801897911e-02 -1.736162650801897911e-02 -1.736162650801897911e-02 -1.736162650801897911e-02 -1.736162650801897911e-02 -1.736162650801897911e-02 -1.736162650801897911e-02 -1.736162650801897911e-02 -1.736162650801897911e-02 -1.736162650801897911e-02 -1.736162650801897911e-02 -1.095440705428618600e-02 -1.095440705428618600e-02 -4.478484398797055732e-03
-4.706269718922906353e-02 -4.706269718922906353e-02 -4.706269718922906353e-02 -4.706269718922906353e-02 -4.706269718922906353e-02 -4.706269718922906353e-02 -1.880855026727645818e-02 -1.880855026727645818e-02 -1.880855026727645818e-02 -1.880855026727645818e-02 -1.880855026727645818e-02 -1.880855026727645818e-02 -1.880855026727645818e-02 -1.880855026727645818e-02 -1.880855026727645818e-02 -7.397618133496597359e-03 -7.397618133496597359e-03 -7.397618133496597359e-03 -7.397618133496597359e-03 -7.397618133496597359e-03 -7.397618133496597359e-03
-4.247688799140025839e-02 -1.569953326983253294e-02 -1.569953326983253294e-02 -1.569953326983253294e-02 -1.569953326983253294e-02 -1.569953326983253294e-02 -1.569953326983253294e-02 -1.569953326983253294e-02 -1.569953326983253294e-02 -1.569953326983253294e-02 -1.569953326983253294e-02 -1.569953326983253294e-02 -1.569953326983253294e-02 -1.569953326983253294e-02 -1.569953326983253294e-02 -1.569953326983253294e-02 -1.569953326983253294e-02 -1.569953326983253294e-02 -1.569953326983253294e-02 -1.569953326983253294e-02 -1.569953326983253294e-02
-1.370747150407114479e-01 -1.370747150407114479e-01 -9.381419884021635625e-03 -9.381419884021635625e-03 -9.381419884021635625e-03 -9.381419884021635625e-03 -9.381419884021635625e-03 -9.381419884021635625e-03 -9.381419884021635625e-03 -9.381419884021635625e-03 -9.381419884021635625e-03 -9.381419884021635625e-03 -8.129214494298375726e-03 -8.129214494298375726e-03 -8.129214494298375726e-03 -8.129214494298375726e-03 -8.129214494298375726e-03 -8.129214494298375726e-03 -8.129214494298375726e-03 -8.129214494298375726e-03 -8.129214494298375726e-03
-2.460097437257580122e-02 -2.460097437257580122e-02 -2.460097437257580122e-02 -1.964684728076471210e-02 -1.964684728076471210e-02 -1.964684728076471210e-02 -1.964684728076471210e-02 -1.964684728076471210e-02 -1.964684728076471210e-02 -1.964684728076471210e-02 -1.964684728076471210e-02 -1.964684728076471210e-02 -1.964684728076471210e-02 -1.964684728076471210e-02 -1.964684728076471210e-02 -7.586435841620886578e-03 -7.586435841620886578e-03 -7.586435841620886578e-03 -7.586435841620886578e-03 -7.586435841620886578e-03 -7.586435841620886578e-03
-2.112429859796475240e-01 -2.112429859796475240e-01 -2.550611212438247399e-02 -2.550611212438247399e-02 -2.550611212438247399e-02 -2.550611212438247399e-02 -2.550611212438247399e-02 -2.550611212438247399e-02 -2.550611212438247399e-02 -2.550611212438247399e-02 -2.550611212438247399e-02 -2.457968670542809431e-02 -2.457968670542809431e-02 -2.457968670542809431e-02 -2.457968670542809431e-02 -2.457968670542809431e-02 -4.127792942892893890e-03 -4.127792942892893890e-03 -4.127792942892893890e-03 -4.127792942892893890e-03 -4.127792942892893890e-03
-2.714075635247403806e-02 -2.714075635247403806e-02 -2.714075635247403806e-02 -2.714075635247403806e-02 -2.687741302662494114e-02 -2.687741302662494114e-02 -2.687741302662494114e-02 -2.687741302662494114e-02 -2.687741302662494114e-02 -1.835096591005247468e-02 -1.835096591005247468e-02 -1.835096591005247468e-02 -1.835096591005247468e-02 -1.835096591005247468e-02 -1.835096591005247468e-02 -1.835096591005247468e-02 -1.835096591005247468e-02 -1.835096591005247468e-02 -1.835096591005247468e-02 -1.835096591005247468e-02 -1.835096591005247468e-02
-5.484397391487119133e-01 -2.676077939927944405e-01 -2.764254099158869327e-02 -2.764254099158869327e-02 -2.764254099158869327e-02 -2.764254099158869327e-02 -2.764254099158869327e-02 -2.764254099158869327e-02 -2.764254099158869327e-02 -2.764254099158869327e-02 -2.764254099158869327e-02 -2.764254099158869327e-02 -2.764254099158869327e-02 -2.764254099158869327e-02 -2.764254099158869327e-02 -2.764254099158869327e-02 -2.764254099158869327e-02 -2.764254099158869327e-02 -2.764254099158869327e-02 -9.773699518576317580e-03 -9.773699518576317580e-03
-1.236525057723569798e-02 -1.236525057723569798e-02 -1.236525057723569798e-02 -1.236525057723569798e-02 -1.236525057723569798e-02 -1.236525057723569798e-02 -1.236525057723569798e-02 -1.236525057723569798e-02 -8.638328509364634478e-03 -8.638328509364634478e-03 -8.638328509364634478e-03 -8.638328509364634478e-03 -8.638328509364634478e-03 -8.638328509364634478e-03 -8.638328509364634478e-03 -8.638328509364634478e-03 -8.638328509364634478e-03 -8.638328509364634478e-03 -8.638328509364634478e-03 -8.638328509364634478e-03 -8.638328509364634478e-03
-2.636896490505755697e-01 -2.636896490505755697e-01 -1.143397652652307084e-01 -1.593747470937501021e-02 -1.593747470937501021e-02 -1.593747470937501021e-02 -1.593747470937501021e-02 -1.593747470937501021e-02 -1.593747470937501021e-02 -1.593747470937501021e-02 -1.593747470937501021e-02 -1.593747470937501021e-02 -1.593747470937501021e-02 -1.593747470937501021e-02 -1.593747470937501021e-02 -1.593747470937501021e-02 -1.593747470937501021e-02 -1.379812540793257103e-02 -1.379812540793257103e-02 -1.379812540793257103e-02 -1.379812540793257103e-02
-3.209943713797164255e-01 -2.876363031503045287e-01 -2.876363031503045287e-01 -7.372142854729213379e-02 -7.372142854729213379e-02 -2.947821128603200780e-02 -2.947821128603200780e-02 -2.947821128603200780e-02 -1.067480715214297327e-02 -1.067480715214297327e-02 -1.067480715214297327e-02 -1.067480715214297327e-02 -1.067480715214297327e-02 -1.067480715214297327e-02 -1.067480715214297327e-02 -1.067480715214297327e-02 -1.067480715214297327e-02 -1.067480715214297327e-02 -1.067480715214297327e-02 -1.067480715214297327e-02 -1.067480715214297327e-02
