-5.092802967111018653e-01 -5.092802967111018653e-01 -9.012843160957495492e-02 -9.012843160957495492e-02 -9.012843160957495492e-02 -9.012843160957495492e-02 -2.794665131312157325e-02 -2.794665131312157325e-02 -2.794665131312157325e-02 -2.794665131312157325e-02 -3.103287802583842847e-04 -1.777943680379978630e-04 -1.777943680379978630e-04 -1.777943680379978630e-04 -1.777943680379978630e-04 -1.777943680379978630e-04 -1.777943680379978630e-04 -1.777943680379978630e-04 -1.777943680379978630e-04 -1.777943680379978630e-04 -1.777943680379978630e-04
-1.135241039473084967e-01 -1.135241039473084967e-01 -1.135241039473084967e-01 -1.135241039473084967e-01 -1.135241039473084967e-01 -4.800011875664067507e-02 -4.800011875664067507e-02 -4.800011875664067507e-02 -1.052758082357296843e-02 -1.052758082357296843e-02 -1.052758082357296843e-02 -1.052758082357296843e-02 -1.052758082357296843e-02 -1.052758082357296843e-02 -1.052758082357296843e-02 -1.052758082357296843e-02 -1.052758082357296843e-02 -1.052758082357296843e-02 -1.052758082357296843e-02 -1.052758082357296843e-02 -8.256047434975655186e-03
-2.113251580102608607e-01 -2.113251580102608607e-01 -2.113251580102608607e-01 -2.113251580102608607e-01 -3.997491688695220535e-02 -3.997491688695220535e-02 -3.997491688695220535e-02 -3.997491688695220535e-02 -3.997491688695220535e-02 -7.124733090124846235e-03 -7.124733090124846235e-03 -7.124733090124846235e-03 -7.124733090124846235e-03 -7.124733090124846235e-03 -7.124733090124846235e-03 -7.124733090124846235e-03 -7.124733090124846235e-03 -7.124733090124846235e-03 -7.124733090124846235e-03 -7.124733090124846235e-03 -7.124733090124846235e-03
-3.426662714945137855e-01 -3.426662714945137855e-01 -3.426662714945137855e-01 -3.426662714945137855e-01 -3.426662714945137855e-01 -3.426662714945137855e-01 -3.426662714945137855e-01 -3.426662714945137855e-01 -3.426662714945137855e-01 -3.426662714945137855e-01 -3.426662714945137855e-01 -3.426662714945137855e-01 -2.253139150582808004e-01 -1.399020350403963331e-01 -1.734550384836797132e-02 -8.486415420135950960e-03 -8.486415420135950960e-03 -8.486415420135950960e-03 -8.486415420135950960e-03 -8.486415420135950960e-03 -8.486415420135950960e-03
-1.595824388347966138e-01 -1.595824388347966138e-01 -1.595824388347966138e-01 -1.595824388347966138e-01 -1.595824388347966138e-01 -3.377611992431539534e-02 -3.377611992431539534e-02 -3.377611992431539534e-02 -3.377611992431539534e-02 -3.377611992431539534e-02 -3.377611992431539534e-02 -3.377611992431539534e-02 -8.165476791365144926e-03 -8.165476791365144926e-03 -8.165476791365144926e-03 -8.165476791365144926e-03 -8.165476791365144926e-03 -8.165476791365144926e-03 -8.165476791365144926e-03 -3.144316432616367507e-03 -3.144316432616367507e-03
-4.432858048497578807e-02 -4.432858048497578807e-02 -4.432858048497578807e-02 -4.432858048497578807e-02 -4.432858048497578807e-02 -4.432858048497578807e-02 -1.941042332536424553e-02 -1.941042332536424553e-02 -1.059466038462819615e-02 -3.070666565978319440e-03 -7.724331967895459172e-05 -7.724331967895459172e-05 -5.010649912162712383e-05 -5.010649912162712383e-05 -2.261448457496761932e-06 -2.261448457496761932e-06 -2.261448457496761932e-06 -2.261448457496761932e-06 -2.261448457496761932e-06 -2.261448457496761932e-06 -2.261448457496761932e-06
-1.522314425243742608e-02 -1.522314425243742608e-02 -1.522314425243742608e-02 -1.522314425243742608e-02 -1.522314425243742608e-02 -1.522314425243742608e-02 -1.522314425243742608e-02 -1.522314425243742608e-02 -1.522314425243742608e-02 -1.522314425243742608e-02 -2.326041319722027545e-03 -2.326041319722027545e-03 -2.326041319722027545e-03 -2.326041319722027545e-03 -2.972327087791271083e-06 -2.972327087791271083e-06 -2.972327087791271083e-06 -2.972327087791271083e-06 -2.972327087791271083e-06 -2.972327087791271083e-06 -2.972327087791271083e-06
-5.001435305643111562e-01 -5.001435305643111562e-01 -5.001435305643111562e-01 -5.001435305643111562e-01 -5.001435305643111562e-01 -5.001435305643111562e-01 -5.001435305643111562e-01 -5.001435305643111562e-01 -5.001435305643111562e-01 -5.001435305643111562e-01 -8.934729360254678454e-02 -1.465158065018856703e-02 -1.465158065018856703e-02 -9.182337650056382472e-03 -9.182337650056382472e-03 -9.182337650056382472e-03 -9.182337650056382472e-03 -9.182337650056382472e-03 -9.182337650056382472e-03 -9.182337650056382472e-03 -9.182337650056382472e-03
-3.697356928103745499e-02 -3.697356928103745499e-02 -3.697356928103745499e-02 -3.697356928103745499e-02 -3.697356928103745499e-02 -3.697356928103745499e-02 -3.697356928103745499e-02 -3.697356928103745499e-02 -3.622416877653300560e-04 -3.622416877653300560e-04 -3.478003018279052228e-04 -3.478003018279052228e-04 -3.478003018279052228e-04 -5.449332795892658510e-06 -5.449332795892658510e-06 -5.449332795892658510e-06 -5.449332795892658510e-06 -5.449332795892658510e-06 -5.449332795892658510e-06 -5.449332795892658510e-06 -5.449332795892658510e-06
-1.286321930617508880e-01 -1.286321930617508880e-01 -1.286321930617508880e-01 -1.286321930617508880e-01 -1.286321930617508880e-01 -1.286321930617508880e-01 -1.286321930617508880e-01 -1.286321930617508880e-01 -3.392410572026149929e-02 -3.392410572026149929e-02 -3.392410572026149929e-02 -3.392410572026149929e-02 -3.392410572026149929e-02 -3.392410572026149929e-02 -1.562376761038930528e-02 -1.562376761038930528e-02 -1.562376761038930528e-02 -1.562376761038930528e-02 -7.765479327104252150e-05 -6.755159248350572909e-05 -6.755159248350572909e-05
-4.706269718922906353e-02 -4.706269718922906353e-02 -4.706269718922906353e-02 -4.706269718922906353e-02 -1.457397648543734547e-02 -1.457397648543734547e-02 -1.457397648543734547e-02 -1.457397648543734547e-02 -1.457397648543734547e-02 -1.457397648543734547e-02 -1.457397648543734547e-02 -1.457397648543734547e-02 -1.404492633171527949e-02 -1.020947679782790996e-02 -1.020947679782790996e-02 -1.020947679782790996e-02 -1.020947679782790996e-02 -1.020947679782790996e-02 -1.020947679782790996e-02 -7.647393629014453964e-04 -7.647393629014453964e-04
-4.247688799140025839e-02 -4.247688799140025839e-02 -4.247688799140025839e-02 -4.247688799140025839e-02 -4.247688799140025839e-02 -4.247688799140025839e-02 -4.247688799140025839e-02 -1.221134369320164836e-02 -1.221134369320164836e-02 -1.221134369320164836e-02 -1.221134369320164836e-02 -1.221134369320164836e-02 -1.221134369320164836e-02 -1.221134369320164836e-02 -1.221134369320164836e-02 -9.564209407321055956e-03 -9.564209407321055956e-03 -3.557899601277170198e-03 -3.557899601277170198e-03 -3.557899601277170198e-03 -3.557899601277170198e-03
-1.370747150407114479e-01 -1.370747150407114479e-01 -1.370747150407114479e-01 -1.370747150407114479e-01 -1.370747150407114479e-01 -4.371228238113633591e-02 -2.126409340356760769e-02 -2.126409340356760769e-02 -2.126409340356760769e-02 -2.126409340356760769e-02 -1.079252992454682314e-02 -6.582254352704985934e-05 -6.582254352704985934e-05 -6.582254352704985934e-05 -6.582254352704985934e-05 -6.582254352704985934e-05 -2.819799624398378057e-05 -2.819799624398378057e-05 -2.819799624398378057e-05 -2.819799624398378057e-05 -2.819799624398378057e-05
-2.460097437257580122e-02 -2.460097437257580122e-02 -2.460097437257580122e-02 -2.460097437257580122e-02 -2.460097437257580122e-02 -2.460097437257580122e-02 -2.460097437257580122e-02 -2.460097437257580122e-02 -2.460097437257580122e-02 -2.075062059556254113e-02 -2.075062059556254113e-02 -2.075062059556254113e-02 -1.058089859779098862e-02 -1.058089859779098862e-02 -1.058089859779098862e-02 -1.058089859779098862e-02 -1.058089859779098862e-02 -1.058089859779098862e-02 -8.436885115076786512e-03 -8.436885115076786512e-03 -8.436885115076786512e-03
-2.112429859796475240e-01 -2.112429859796475240e-01 -2.112429859796475240e-01 -2.112429859796475240e-01 -2.112429859796475240e-01 -2.112429859796475240e-01 -8.954499230381174346e-02 -1.093613631136924891e-02 -1.093613631136924891e-02 -1.093613631136924891e-02 -1.093613631136924891e-02 -1.093613631136924891e-02 -7.465122934935397581e-04 -7.465122934935397581e-04 -7.465122934935397581e-04 -7.465122934935397581e-04 -7.465122934935397581e-04 -7.465122934935397581e-04 -7.465122934935397581e-04 -7.465122934935397581e-04 -7.465122934935397581e-04
-2.714075635247403806e-02 -2.714075635247403806e-02 -2.714075635247403806e-02 -2.714075635247403806e-02 -2.714075635247403806e-02 -2.714075635247403806e-02 -2.714075635247403806e-02 -2.714075635247403806e-02 -2.714075635247403806e-02 -2.714075635247403806e-02 -2.714075635247403806e-02 -2.714075635247403806e-02 -1.093587491950431811e-02 -1.093587491950431811e-02 -1.093587491950431811e-02 -1.093587491950431811e-02 -1.093587491950431811e-02 -9.295479143568763369e-03 -9.295479143568763369e-03 -9.295479143568763369e-03 -9.295479143568763369e-03
-5.484397391487119133e-01 -5.484397391487119133e-01 -5.484397391487119133e-01 -5.484397391487119133e-01 -3.875376946877445716e-01 -1.249638134584202254e-01 -1.249638134584202254e-01 -1.249638134584202254e-01 -1.249638134584202254e-01 -6.760713790563732672e-02 -2.140814962804615806e-02 -2.140814962804615806e-02 -2.140814962804615806e-02 -2.140814962804615806e-02 -2.140814962804615806e-02 -2.140814962804615806e-02 -2.140814962804615806e-02 -2.140814962804615806e-02 -2.140814962804615806e-02 -2.140814962804615806e-02 -2.140814962804615806e-02
-1.236525057723569798e-02 -1.236525057723569798e-02 -1.236525057723569798e-02 -1.236525057723569798e-02 -2.696610869417304102e-03 -6.128429755348774322e-04 -6.128429755348774322e-04 -6.128429755348774322e-04 -6.128429755348774322e-04 -6.128429755348774322e-04 -6.128429755348774322e-04 -6.128429755348774322e-04 -6.128429755348774322e-04 -6.128429755348774322e-04 -6.128429755348774322e-04 -6.128429755348774322e-04 -6.128429755348774322e-04 -6.128429755348774322e-04 -6.128429755348774322e-04 -6.128429755348774322e-04 -6.128429755348774322e-04
-2.636896490505755697e-01 -2.636896490505755697e-01 -2.636896490505755697e-01 -2.636896490505755697e-01 -1.259607537222103835e-01 -1.259607537222103835e-01 -1.259607537222103835e-01 -1.259607537222103835e-01 -1.259607537222103835e-01 -9.642956559926307847e-02 -4.578917489958944653e-02 -4.578917489958944653e-02 -2.687307322759768802e-02 -2.687307322759768802e-02 -2.687307322759768802e-02 -2.687307322759768802e-02 -7.553413238603368107e-03 -7.553413238603368107e-03 -7.553413238603368107e-03 -7.508398234212343425e-03 -7.508398234212343425e-03
-3.209943713797164255e-01 -3.209943713797164255e-01 -3.209943713797164255e-01 -3.209943713797164255e-01 -3.209943713797164255e-01 -3.209943713797164255e-01 -3.209943713797164255e-01 -3.209943713797164255e-01 -3.209943713797164255e-01 -6.056611904876763042e-02 -6.056611904876763042e-02 -1.634052769759097856e-02 -1.634052769759097856e-02 -1.634052769759097856e-02 -1.634052769759097856e-02 -1.634052769759097856e-02 -8.731682696346609873e-03 -8.731682696346609873e-03 -8.731682696346609873e-03 -8.731682696346609873e-03 -8.731682696346609873e-03
