-5.092802967111018653e-01 -5.092802967111018653e-01 -9.015465271998379659e-02 -9.015465271998379659e-02 -9.015465271998379659e-02 -9.015465271998379659e-02 -2.770712360607141544e-02 -2.770712360607141544e-02 -2.770712360607141544e-02 -2.770712360607141544e-02 -2.770712360607141544e-02 -6.206667673833710097e-04 -6.206667673833710097e-04 -6.206667673833710097e-04 -6.206667673833710097e-04 -1.105467119317804503e-04 -1.105467119317804503e-04 -1.105467119317804503e-04 -1.105467119317804503e-04 -1.105467119317804503e-04 -1.105467119317804503e-04
-1.135241039473084967e-01 -1.135241039473084967e-01 -1.135241039473084967e-01 -1.135241039473084967e-01 -1.135241039473084967e-01 -1.135241039473084967e-01 -1.087113375693971040e-02 -1.087113375693971040e-02 -1.087113375693971040e-02 -1.087113375693971040e-02 -1.087113375693971040e-02 -1.087113375693971040e-02 -1.087113375693971040e-02 -1.087113375693971040e-02 -1.087113375693971040e-02 -1.083734520104340238e-02 -1.083734520104340238e-02 -1.083734520104340238e-02 -1.083734520104340238e-02 -1.083734520104340238e-02 -8.047543647116683907e-03
-2.113251580102608607e-01 -2.113251580102608607e-01 -2.113251580102608607e-01 -2.113251580102608607e-01 -3.913302275171015587e-02 -3.913302275171015587e-02 -3.913302275171015587e-02 -3.913302275171015587e-02 -3.913302275171015587e-02 -6.754510821458392655e-03 -6.754510821458392655e-03 -6.754510821458392655e-03 -6.754510821458392655e-03 -6.754510821458392655e-03 -6.754510821458392655e-03 -6.754510821458392655e-03 -6.754510821458392655e-03 -6.754510821458392655e-03 -6.754510821458392655e-03 -6.754510821458392655e-03 -6.754510821458392655e-03
-3.426662714945137855e-01 -3.426662714945137855e-01 -3.426662714945137855e-01 -3.426662714945137855e-01 -3.426662714945137855e-01 -3.426662714945137855e-01 -3.426662714945137855e-01 -3.426662714945137855e-01 -3.426662714945137855e-01 -3.426662714945137855e-01 -3.426662714945137855e-01 -3.426662714945137855e-01 -2.244580029383150821e-01 -1.363658910323295448e-01 -1.363658910323295448e-01 -1.785751267191415526e-02 -1.785751267191415526e-02 -1.785751267191415526e-02 -8.780739237428836219e-03 -8.780739237428836219e-03 -8.780739237428836219e-03
-1.595824388347966138e-01 -1.595824388347966138e-01 -1.595824388347966138e-01 -1.595824388347966138e-01 -1.595824388347966138e-01 -3.354071223648136257e-02 -3.354071223648136257e-02 -3.354071223648136257e-02 -3.354071223648136257e-02 -3.354071223648136257e-02 -3.354071223648136257e-02 -7.931847240235323504e-03 -7.931847240235323504e-03 -7.931847240235323504e-03 -7.931847240235323504e-03 -7.931847240235323504e-03 -7.931847240235323504e-03 -7.746780478648851442e-03 -7.746780478648851442e-03 -7.746780478648851442e-03 -7.746780478648851442e-03
-4.432858048497578807e-02 -4.432858048497578807e-02 -4.432858048497578807e-02 -4.432858048497578807e-02 -4.432858048497578807e-02 -4.432858048497578807e-02 -4.432858048497578807e-02 -2.037203813010324271e-02 -2.037203813010324271e-02 -8.812812587200569148e-03 -8.812812587200569148e-03 -1.578454863108147421e-04 -1.457946594007886176e-05 -1.457946594007886176e-05 -1.457946594007886176e-05 -1.457946594007886176e-05 -1.457946594007886176e-05 -1.457946594007886176e-05 -1.457946594007886176e-05 -1.457946594007886176e-05 -1.457946594007886176e-05
-1.522314425243742608e-02 -1.522314425243742608e-02 -1.522314425243742608e-02 -1.522314425243742608e-02 -1.522314425243742608e-02 -1.522314425243742608e-02 -1.522314425243742608e-02 -1.522314425243742608e-02 -1.522314425243742608e-02 -1.522314425243742608e-02 -9.729927212855038476e-03 -9.729927212855038476e-03 -4.292942097687713066e-03 -4.292942097687713066e-03 -3.738669874131517190e-06 -3.738669874131517190e-06 -3.738669874131517190e-06 -3.738669874131517190e-06 -3.738669874131517190e-06 -3.738669874131517190e-06 -3.738669874131517190e-06
-5.001435305643111562e-01 -5.001435305643111562e-01 -5.001435305643111562e-01 -5.001435305643111562e-01 -5.001435305643111562e-01 -5.001435305643111562e-01 -5.001435305643111562e-01 -5.001435305643111562e-01 -5.001435305643111562e-01 -5.001435305643111562e-01 -8.934729360254678454e-02 -1.461994573231784056e-02 -1.461994573231784056e-02 -9.177803977325260654e-03 -9.177803977325260654e-03 -9.177803977325260654e-03 -9.177803977325260654e-03 -9.177803977325260654e-03 -9.177803977325260654e-03 -9.177803977325260654e-03 -9.177803977325260654e-03
-3.697356928103745499e-02 -3.697356928103745499e-02 -3.697356928103745499e-02 -3.697356928103745499e-02 -3.697356928103745499e-02 -3.697356928103745499e-02 -3.697356928103745499e-02 -3.697356928103745499e-02 -3.697356928103745499e-02 -1.502368929416486587e-02 -1.502368929416486587e-02 -1.502368929416486587e-02 -1.164175006085987896e-02 -1.164175006085987896e-02 -1.164175006085987896e-02 -1.164175006085987896e-02 -1.164175006085987896e-02 -1.128683792199491887e-02 -1.128683792199491887e-02 -1.128683792199491887e-02 -1.128683792199491887e-02
-1.286321930617508880e-01 -1.286321930617508880e-01 -1.286321930617508880e-01 -1.286321930617508880e-01 -1.286321930617508880e-01 -1.286321930617508880e-01 -1.286321930617508880e-01 -1.286321930617508880e-01 -4.010707205465235958e-02 -4.010707205465235958e-02 -4.010707205465235958e-02 -4.010707205465235958e-02 -4.010707205465235958e-02 -2.914750195907933605e-02 -2.914750195907933605e-02 -1.440398056006753080e-02 -1.440398056006753080e-02 -7.520978931727873018e-03 -7.520978931727873018e-03 -7.520978931727873018e-03 -5.241115473836321925e-04
-4.706269718922906353e-02 -4.706269718922906353e-02 -4.706269718922906353e-02 -4.706269718922906353e-02 -1.454018124259948141e-02 -1.454018124259948141e-02 -1.454018124259948141e-02 -1.454018124259948141e-02 -1.454018124259948141e-02 -1.454018124259948141e-02 -1.454018124259948141e-02 -1.454018124259948141e-02 -1.454018124259948141e-02 -1.403617641791854442e-02 -1.403617641791854442e-02 -1.026268608123370729e-02 -1.026268608123370729e-02 -1.026268608123370729e-02 -1.026268608123370729e-02 -1.014499579336414214e-03 -1.014499579336414214e-03
-4.247688799140025839e-02 -4.247688799140025839e-02 -4.247688799140025839e-02 -4.247688799140025839e-02 -4.247688799140025839e-02 -4.247688799140025839e-02 -4.247688799140025839e-02 -1.199604107615148685e-02 -1.199604107615148685e-02 -1.199604107615148685e-02 -1.199604107615148685e-02 -1.199604107615148685e-02 -1.199604107615148685e-02 -1.199604107615148685e-02 -1.199604107615148685e-02 -1.199604107615148685e-02 -1.199604107615148685e-02 -1.199604107615148685e-02 -1.161169847623344520e-02 -1.161169847623344520e-02 -9.112191770650701628e-03
-1.370747150407114479e-01 -1.370747150407114479e-01 -1.370747150407114479e-01 -1.370747150407114479e-01 -1.370747150407114479e-01 -4.273176114599175346e-02 -2.112793754814423774e-02 -2.112793754814423774e-02 -2.112793754814423774e-02 -2.112793754814423774e-02 -1.075053091569577735e-02 -1.075053091569577735e-02 -1.075053091569577735e-02 -1.075053091569577735e-02 -1.075053091569577735e-02 -1.075053091569577735e-02 -1.731487814174981210e-04 -1.731487814174981210e-04 -1.731487814174981210e-04 -1.731487814174981210e-04 -1.731487814174981210e-04
-2.460097437257580122e-02 -2.460097437257580122e-02 -2.460097437257580122e-02 -2.460097437257580122e-02 -2.460097437257580122e-02 -2.460097437257580122e-02 -2.460097437257580122e-02 -2.460097437257580122e-02 -2.460097437257580122e-02 -2.460097437257580122e-02 -2.460097437257580122e-02 -2.070856581698421461e-02 -2.070856581698421461e-02 -1.768430595227943325e-02 -1.768430595227943325e-02 -1.768430595227943325e-02 -1.768430595227943325e-02 -1.768430595227943325e-02 -1.768430595227943325e-02 -1.768430595227943325e-02 -7.729431610429271515e-04
-2.112429859796475240e-01 -2.112429859796475240e-01 -2.112429859796475240e-01 -2.112429859796475240e-01 -2.112429859796475240e-01 -2.112429859796475240e-01 -8.814507730210563441e-02 -1.090739480468760902e-02 -1.090739480468760902e-02 -1.090739480468760902e-02 -1.090739480468760902e-02 -1.090739480468760902e-02 -7.547315021851908057e-04 -7.547315021851908057e-04 -7.547315021851908057e-04 -7.547315021851908057e-04 -7.547315021851908057e-04 -7.547315021851908057e-04 -7.547315021851908057e-04 -7.547315021851908057e-04 -7.547315021851908057e-04
-2.714075635247403806e-02 -2.714075635247403806e-02 -2.714075635247403806e-02 -2.714075635247403806e-02 -2.714075635247403806e-02 -2.444400068130425652e-02 -2.444400068130425652e-02 -2.444400068130425652e-02 -2.444400068130425652e-02 -2.444400068130425652e-02 -2.444400068130425652e-02 -2.444400068130425652e-02 -2.444400068130425652e-02 -7.737966583402755560e-03 -7.737966583402755560e-03 -7.737966583402755560e-03 -7.737966583402755560e-03 -7.737966583402755560e-03 -7.737966583402755560e-03 -7.737966583402755560e-03 -7.737966583402755560e-03
-5.484397391487119133e-01 -5.484397391487119133e-01 -5.484397391487119133e-01 -5.484397391487119133e-01 -3.896660831841879391e-01 -1.248567613738097437e-01 -1.248567613738097437e-01 -1.248567613738097437e-01 -1.248567613738097437e-01 -6.755843229789570970e-02 -2.140725642456442479e-02 -2.140725642456442479e-02 -2.140725642456442479e-02 -2.140725642456442479e-02 -2.140725642456442479e-02 -2.140725642456442479e-02 -2.140725642456442479e-02 -2.140725642456442479e-02 -2.140725642456442479e-02 -2.140725642456442479e-02 -2.140725642456442479e-02
-1.236525057723569798e-02 -1.236525057723569798e-02 -1.236525057723569798e-02 -1.236525057723569798e-02 -2.689249087155398676e-03 -2.654781098979652754e-04 -2.654781098979652754e-04 -2.654781098979652754e-04 -5.286333236376172806e-06 -5.286333236376172806e-06 -5.286333236376172806e-06 -5.286333236376172806e-06 -5.286333236376172806e-06 -5.286333236376172806e-06 -5.286333236376172806e-06 -5.286333236376172806e-06 -5.286333236376172806e-06 -5.286333236376172806e-06 -5.286333236376172806e-06 -5.286333236376172806e-06 -5.286333236376172806e-06
-2.636896490505755697e-01 -2.636896490505755697e-01 -2.636896490505755697e-01 -2.636896490505755697e-01 -1.259065556268847974e-01 -1.259065556268847974e-01 -1.259065556268847974e-01 -1.259065556268847974e-01 -1.259065556268847974e-01 -9.642956559926307847e-02 -4.578917489958944653e-02 -4.578917489958944653e-02 -2.623248904800745684e-02 -2.623248904800745684e-02 -2.623248904800745684e-02 -2.623248904800745684e-02 -7.543214809924703168e-03 -7.543214809924703168e-03 -7.543214809924703168e-03 -7.503856965924704525e-03 -7.503856965924704525e-03
-3.209943713797164255e-01 -3.209943713797164255e-01 -3.209943713797164255e-01 -3.209943713797164255e-01 -3.209943713797164255e-01 -3.209943713797164255e-01 -3.209943713797164255e-01 -3.209943713797164255e-01 -3.209943713797164255e-01 -6.056017225790366609e-02 -6.056017225790366609e-02 -1.621900980908308476e-02 -1.621900980908308476e-02 -1.621900980908308476e-02 -1.621900980908308476e-02 -1.621900980908308476e-02 -8.748371381029462768e-03 -8.748371381029462768e-03 -8.748371381029462768e-03 -8.748371381029462768e-03 -8.748371381029462768e-03
