-5.092802967111018653e-01 -6.690699859170534669e-02 -6.382258009268171328e-03 -6.382258009268171328e-03 -3.209382293478668657e-06 -3.209382293478668657e-06 -3.209382293478668657e-06 -2.984270110029108025e-06 -2.984270110029108025e-06 -2.984270110029108025e-06 -2.984270110029108025e-06 -2.984270110029108025e-06 -2.984270110029108025e-06 -2.984270110029108025e-06 -2.984270110029108025e-06 -2.984270110029108025e-06 -2.984270110029108025e-06 -2.984270110029108025e-06 -2.984270110029108025e-06 -2.984270110029108025e-06 -2.984270110029108025e-06
-1.135241039473084967e-01 -9.673784344367941657e-02 -2.766255297835762406e-02 -2.766255297835762406e-02 -2.766255297835762406e-02 -8.580524364931618742e-03 -8.580524364931618742e-03 -8.580524364931618742e-03 -8.580524364931618742e-03 -8.580524364931618742e-03 -8.580524364931618742e-03 -8.580524364931618742e-03 -8.580524364931618742e-03 -8.580524364931618742e-03 -8.580524364931618742e-03 -8.580524364931618742e-03 -8.580524364931618742e-03 -5.525360490332698049e-05 -5.525360490332698049e-05 -5.525360490332698049e-05 -5.525360490332698049e-05
-2.113251580102608607e-01 -2.113251580102608607e-01 -2.977618427117190159e-03 -2.977618427117190159e-03 -2.977618427117190159e-03 -2.977618427117190159e-03 -2.977618427117190159e-03 -2.977618427117190159e-03 -2.977618427117190159e-03 -2.977618427117190159e-03 -1.099049105360849765e-04 -1.099049105360849765e-04 -1.099049105360849765e-04 -3.738308546941127020e-06 -3.738308546941127020e-06 -3.738308546941127020e-06 -3.738308546941127020e-06 -3.738308546941127020e-06 -3.738308546941127020e-06 -3.738308546941127020e-06 -3.738308546941127020e-06
-3.426662714945137855e-01 -3.426662714945137855e-01 -1.124873351448189007e-01 -1.124873351448189007e-01 -4.818947689435082449e-02 -4.818947689435082449e-02 -4.818947689435082449e-02 -4.818947689435082449e-02 -4.818947689435082449e-02 -4.818947689435082449e-02 -4.818947689435082449e-02 -4.818947689435082449e-02 -4.818947689435082449e-02 -4.818947689435082449e-02 -9.183289898927804451e-03 -9.183289898927804451e-03 -8.611507720598821081e-03 -8.611507720598821081e-03 -8.611507720598821081e-03 -8.611507720598821081e-03 -8.611507720598821081e-03
-1.595824388347966138e-01 -1.299924209429146327e-01 -6.761881451272278021e-02 -6.761881451272278021e-02 -8.942877288818040782e-03 -8.942877288818040782e-03 -8.942877288818040782e-03 -8.942877288818040782e-03 -8.942877288818040782e-03 -8.942877288818040782e-03 -8.942877288818040782e-03 -8.942877288818040782e-03 -8.527660625725963506e-03 -8.527660625725963506e-03 -8.527660625725963506e-03 -8.527660625725963506e-03 -8.527660625725963506e-03 -8.527660625725963506e-03 -8.527660625725963506e-03 -8.527660625725963506e-03 -8.527660625725963506e-03
-4.432858048497578807e-02 -1.748481044485561409e-02 -1.748481044485561409e-02 -1.095583485833417914e-02 -1.095583485833417914e-02 -1.095583485833417914e-02 -1.095583485833417914e-02 -1.095583485833417914e-02 -1.095583485833417914e-02 -1.095583485833417914e-02 -4.021450251703306833e-04 -4.925285321832895136e-05 -4.925285321832895136e-05 -4.925285321832895136e-05 -4.925285321832895136e-05 -4.925285321832895136e-05 -4.925285321832895136e-05 -4.925285321832895136e-05 -4.925285321832895136e-05 -4.925285321832895136e-05 -4.925285321832895136e-05
-1.522314425243742608e-02 -1.522314425243742608e-02 -2.110602693564889165e-03 -2.110602693564889165e-03 -2.110602693564889165e-03 -2.110602693564889165e-03 -2.110602693564889165e-03 -2.110602693564889165e-03 -5.371535397591387095e-06 -5.371535397591387095e-06 -5.371535397591387095e-06 -5.371535397591387095e-06 -5.371535397591387095e-06 -5.371535397591387095e-06 -5.371535397591387095e-06 -5.371535397591387095e-06 -5.371535397591387095e-06 -5.371535397591387095e-06 -5.371535397591387095e-06 -5.371535397591387095e-06 -5.371535397591387095e-06
-5.001435305643111562e-01 -5.001435305643111562e-01 -2.108067010329524038e-01 -1.046099325273874836e-02 -1.046099325273874836e-02 -1.046099325273874836e-02 -1.046099325273874836e-02 -1.046099325273874836e-02 -1.046099325273874836e-02 -1.046099325273874836e-02 -1.046099325273874836e-02 -7.662709835708714223e-03 -7.662709835708714223e-03 -7.662709835708714223e-03 -7.662709835708714223e-03 -7.662709835708714223e-03 -7.662709835708714223e-03 -7.662709835708714223e-03 -7.662709835708714223e-03 -7.662709835708714223e-03 -3.887328351713348340e-03
-3.697356928103745499e-02 -2.829908615997744903e-05 -2.829908615997744903e-05 -2.829908615997744903e-05 -2.829908615997744903e-05 -2.829908615997744903e-05 -2.829908615997744903e-05 -2.829908615997744903e-05 -2.829908615997744903e-05 -2.829908615997744903e-05 -2.829908615997744903e-05 -2.829908615997744903e-05 -2.829908615997744903e-05 -2.829908615997744903e-05 -2.829908615997744903e-05 -2.829908615997744903e-05 -2.829908615997744903e-05 -2.829908615997744903e-05 -2.829908615997744903e-05 -2.829908615997744903e-05 -2.829908615997744903e-05
-1.286321930617508880e-01 -1.192092938362625532e-01 -1.192092938362625532e-01 -9.000817793707538428e-03 -9.000817793707538428e-03 -9.000817793707538428e-03 -9.000817793707538428e-03 -9.000817793707538428e-03 -9.000817793707538428e-03 -9.000817793707538428e-03 -9.000817793707538428e-03 -9.000817793707538428e-03 -9.000817793707538428e-03 -9.000817793707538428e-03 -9.000817793707538428e-03 -9.000817793707538428e-03 -9.000817793707538428e-03 -9.000817793707538428e-03 -9.000817793707538428e-03 -9.000817793707538428e-03 -9.000817793707538428e-03
-4.706269718922906353e-02 -4.706269718922906353e-02 -4.706269718922906353e-02 -4.706269718922906353e-02 -4.706269718922906353e-02 -4.706269718922906353e-02 -9.515998139105530385e-03 -9.515998139105530385e-03 -9.515998139105530385e-03 -9.515998139105530385e-03 -8.669792624107941492e-03 -8.669792624107941492e-03 -8.669792624107941492e-03 -8.669792624107941492e-03 -8.669792624107941492e-03 -8.669792624107941492e-03 -8.669792624107941492e-03 -8.669792624107941492e-03 -8.669792624107941492e-03 -8.669792624107941492e-03 -8.669792624107941492e-03
-4.247688799140025839e-02 -3.569998427058196366e-02 -3.569998427058196366e-02 -3.227731842319947475e-03 -3.227731842319947475e-03 -1.129570439386551328e-04 -1.129570439386551328e-04 -1.129570439386551328e-04 -1.129570439386551328e-04 -1.129570439386551328e-04 -1.129570439386551328e-04 -1.129570439386551328e-04 -1.129570439386551328e-04 -1.129570439386551328e-04 -1.129570439386551328e-04 -1.129570439386551328e-04 -1.129570439386551328e-04 -1.129570439386551328e-04 -1.129570439386551328e-04 -1.129570439386551328e-04 -1.129570439386551328e-04
-1.370747150407114479e-01 -1.370747150407114479e-01 -1.054643930040954913e-02 -1.054643930040954913e-02 -5.088993857184531677e-03 -5.088993857184531677e-03 -5.088993857184531677e-03 -5.088993857184531677e-03 -5.088993857184531677e-03 -5.088993857184531677e-03 -5.088993857184531677e-03 -5.088993857184531677e-03 -5.088993857184531677e-03 -5.088993857184531677e-03 -5.088993857184531677e-03 -5.088993857184531677e-03 -5.088993857184531677e-03 -5.088993857184531677e-03 -5.088993857184531677e-03 -5.088993857184531677e-03 -5.088993857184531677e-03
-2.460097437257580122e-02 -2.460097437257580122e-02 -2.460097437257580122e-02 -9.212795932383444075e-03 -9.212795932383444075e-03 -9.212795932383444075e-03 -9.212795932383444075e-03 -9.212795932383444075e-03 -9.212795932383444075e-03 -9.212795932383444075e-03 -9.212795932383444075e-03 -9.212795932383444075e-03 -9.212795932383444075e-03 -9.212795932383444075e-03 -9.212795932383444075e-03 -9.212795932383444075e-03 -9.212795932383444075e-03 -9.212795932383444075e-03 -9.212795932383444075e-03 -8.079243212756992421e-03 -8.079243212756992421e-03
-2.112429859796475240e-01 -2.112429859796475240e-01 -2.335402644354445112e-02 -2.335402644354445112e-02 -1.221849802983354660e-02 -1.221849802983354660e-02 -1.221849802983354660e-02 -1.221849802983354660e-02 -1.221849802983354660e-02 -1.221849802983354660e-02 -1.221849802983354660e-02 -9.688452901346567003e-03 -9.688452901346567003e-03 -9.688452901346567003e-03 -9.688452901346567003e-03 -9.688452901346567003e-03 -1.100113221606635605e-03 -5.602344088375676989e-04 -5.602344088375676989e-04 -5.602344088375676989e-04 -5.602344088375676989e-04
-2.714075635247403806e-02 -2.714075635247403806e-02 -2.714075635247403806e-02 -2.714075635247403806e-02 -2.714075635247403806e-02 -9.107416703312276596e-03 -9.107416703312276596e-03 -9.107416703312276596e-03 -9.107416703312276596e-03 -9.107416703312276596e-03 -9.107416703312276596e-03 -9.107416703312276596e-03 -9.107416703312276596e-03 -9.107416703312276596e-03 -9.107416703312276596e-03 -9.107416703312276596e-03 -9.107416703312276596e-03 -9.107416703312276596e-03 -9.107416703312276596e-03 -7.424320931134320567e-03 -7.424320931134320567e-03
-5.484397391487119133e-01 -4.942539548461557519e-01 -2.895519441000360406e-02 -2.895519441000360406e-02 -9.409673438149690483e-03 -9.409673438149690483e-03 -9.409673438149690483e-03 -9.409673438149690483e-03 -9.409673438149690483e-03 -9.409673438149690483e-03 -9.409673438149690483e-03 -9.409673438149690483e-03 -9.409673438149690483e-03 -9.409673438149690483e-03 -9.409673438149690483e-03 -9.409673438149690483e-03 -9.409673438149690483e-03 -9.409673438149690483e-03 -9.409673438149690483e-03 -9.409673438149690483e-03 -9.409673438149690483e-03
-1.236525057723569798e-02 -1.236525057723569798e-02 -1.236525057723569798e-02 -1.236525057723569798e-02 -1.236525057723569798e-02 -1.236525057723569798e-02 -1.236525057723569798e-02 -1.236525057723569798e-02 -1.236525057723569798e-02 -1.236525057723569798e-02 -1.236525057723569798e-02 -1.236525057723569798e-02 -8.272647678030375928e-04 -5.420347172102601974e-06 -5.420347172102601974e-06 -5.420347172102601974e-06 -5.420347172102601974e-06 -5.420347172102601974e-06 -5.420347172102601974e-06 -5.420347172102601974e-06 -5.420347172102601974e-06
-2.636896490505755697e-01 -2.636896490505755697e-01 -7.884321395576854297e-02 -1.116174939497494023e-02 -1.116174939497494023e-02 -1.116174939497494023e-02 -1.116174939497494023e-02 -1.116174939497494023e-02 -1.116174939497494023e-02 -1.116174939497494023e-02 -1.116174939497494023e-02 -1.116174939497494023e-02 -1.116174939497494023e-02 -1.116174939497494023e-02 -1.116174939497494023e-02 -1.116174939497494023e-02 -1.116174939497494023e-02 -1.116174939497494023e-02 -1.116174939497494023e-02 -1.116174939497494023e-02 -1.116174939497494023e-02
-3.209943713797164255e-01 -2.015887521921667647e-01 -2.015887521921667647e-01 -1.588612747161655125e-02 -1.588612747161655125e-02 -1.588612747161655125e-02 -1.588612747161655125e-02 -1.588612747161655125e-02 -9.792634990926196714e-03 -9.792634990926196714e-03 -9.792634990926196714e-03 -9.792634990926196714e-03 -9.792634990926196714e-03 -9.792634990926196714e-03 -9.792634990926196714e-03 -9.792634990926196714e-03 -9.792634990926196714e-03 -9.792634990926196714e-03 -9.140406359080199827e-03 -9.140406359080199827e-03 -9.140406359080199827e-03
