-2.788636685407719362e-02 1.794981121323975248e-01 1.794981121323975248e-01 1.794981121323975248e-01 3.876372545814902870e-01 4.160602685359911512e-01 4.198537622784372925e-01 4.198537622784372925e-01 4.198537622784372925e-01 4.198537622784372925e-01 4.198537622784372925e-01
-1.249348904757685563e-02 -1.249348904757685563e-02 -1.249348904757685563e-02 3.850466108895204687e-01 4.188907633982672518e-01 4.198522588593712190e-01 4.198522588593712190e-01 4.198522588593712190e-01 4.198522588593712190e-01 4.198522588593712190e-01 4.198522588593712190e-01
-8.474346302831337052e-02 -8.474346302831337052e-02 3.927748800503201299e-01 3.927748800503201299e-01 4.197975984638055436e-01 4.197975984638055436e-01 4.197975984638055436e-01 4.197975984638055436e-01 4.197975984638055436e-01 4.197975984638055436e-01 4.197975984638055436e-01
3.670255680175311119e-01 4.179548625869425882e-01 4.179548625869425882e-01 4.179548625869425882e-01 4.179548625869425882e-01 4.198534043559388751e-01 4.198534043559388751e-01 4.198534043559388751e-01 4.198534043559388751e-01 4.198534043559388751e-01 4.198534043559388751e-01
-3.716827683090606627e-02 2.216732173178432852e-01 2.216732173178432852e-01 3.829788205539403356e-01 3.829788205539403356e-01 4.189636352690519483e-01 4.198526190410420411e-01 4.198535676912977799e-01 4.198535676912977799e-01 4.198535676912977799e-01 4.198535676912977799e-01
4.127117412735221702e-01 4.127117412735221702e-01 4.198381245215615509e-01 4.198456132244592354e-01 4.198456132244592354e-01 4.198456132244592354e-01 4.198456132244592354e-01 4.198456132244592354e-01 4.198456132244592354e-01 4.198456132244592354e-01 4.198456132244592354e-01
2.640439618947023059e-01 2.640439618947023059e-01 2.640439618947023059e-01 4.069005351935513493e-01 4.197307263293922897e-01 4.198420547546851678e-01 4.198420547546851678e-01 4.198497202301744724e-01 4.198497202301744724e-01 4.198497202301744724e-01 4.198534043559388751e-01
1.550949441585784960e-01 1.550949441585784960e-01 1.550949441585784960e-01 2.594106930537687372e-01 3.979282360946522767e-01 4.173787649532508803e-01 4.198468045348797695e-01 4.198468045348797695e-01 4.198537622784372925e-01 4.198537622784372925e-01 4.198537622784372925e-01
2.567385133663080410e-01 2.567385133663080410e-01 3.890983949309422263e-01 4.198288750805636016e-01 4.198288750805636016e-01 4.198288750805636016e-01 4.198288750805636016e-01 4.198288750805636016e-01 4.198288750805636016e-01 4.198288750805636016e-01 4.198288750805636016e-01
-2.418057706668977902e-01 -2.418057706668977902e-01 4.001903766418228869e-01 4.001903766418228869e-01 4.198333438661557282e-01 4.198333438661557282e-01 4.198333438661557282e-01 4.198333438661557282e-01 4.198333438661557282e-01 4.198333438661557282e-01 4.198333438661557282e-01
1.335294123506247654e-01 3.567542851891966071e-01 3.848299862938315274e-01 4.193827429170286503e-01 4.193827429170286503e-01 4.198531917971974892e-01 4.198531917971974892e-01 4.198531917971974892e-01 4.198531917971974892e-01 4.198537466604088664e-01 4.198537466604088664e-01
3.352539352633948644e-01 3.798680400634828480e-01 4.193199505007071393e-01 4.198536817954088285e-01 4.198536817954088285e-01 4.198536817954088285e-01 4.198536817954088285e-01 4.198537466604088664e-01 4.198537466604088664e-01 4.198537466604088664e-01 4.198537466604088664e-01
4.079901161213659311e-01 4.079901161213659311e-01 4.198186146656847084e-01 4.198186146656847084e-01 4.198239652756219908e-01 4.198239652756219908e-01 4.198373714182424554e-01 4.198373714182424554e-01 4.198373714182424554e-01 4.198373714182424554e-01 4.198373714182424554e-01
4.197495302767204617e-01 4.197495302767204617e-01 4.197495302767204617e-01 4.198537622784372925e-01 4.198537622784372925e-01 4.198537622784372925e-01 4.198537622784372925e-01 4.198537622784372925e-01 4.198537622784372925e-01 4.198537622784372925e-01 4.198537622784372925e-01
2.560409420507101519e-01 2.560409420507101519e-01 2.560409420507101519e-01 3.417650173848409412e-01 4.148654401570066041e-01 4.198128234653032420e-01 4.198536457421492840e-01 4.198536457421492840e-01 4.198536457421492840e-01 4.198536457421492840e-01 4.198537466604088664e-01
3.311753606999712773e-01 3.311753606999712773e-01 4.186458467920755044e-01 4.186458467920755044e-01 4.186458467920755044e-01 4.186458467920755044e-01 4.186458467920755044e-01 4.198537466604088664e-01 4.198537466604088664e-01 4.198537466604088664e-01 4.198537466604088664e-01
4.137313896358014720e-01 4.137313896358014720e-01 4.137313896358014720e-01 4.194898046029121308e-01 4.198536817954088285e-01 4.198536817954088285e-01 4.198536817954088285e-01 4.198536817954088285e-01 4.198536817954088285e-01 4.198536817954088285e-01 4.198536817954088285e-01
3.649154171111784195e-01 3.649154171111784195e-01 4.192481141088846841e-01 4.198531013890567376e-01 4.198531013890567376e-01 4.198531013890567376e-01 4.198531013890567376e-01 4.198531013890567376e-01 4.198531013890567376e-01 4.198531013890567376e-01 4.198537622784372925e-01
2.496487584611792876e-01 2.496487584611792876e-01 2.599886499828774067e-01 2.599886499828774067e-01 2.599886499828774067e-01 3.813749551891395528e-01 4.170789555326934739e-01 4.189003735147159846e-01 4.189003735147159846e-01 4.189003735147159846e-01 4.189824452830502310e-01
4.187081817322122479e-01 4.192608663883957143e-01 4.192608663883957143e-01 4.198459527890480159e-01 4.198459527890480159e-01 4.198459527890480159e-01 4.198459527890480159e-01 4.198459527890480159e-01 4.198459527890480159e-01 4.198459527890480159e-01 4.198459527890480159e-01
