1.007750680353359796e+00 1.030994124287979208e+00 1.031031227009087559e+00 1.031031227009087559e+00 1.031031227009087559e+00 1.031031227009087559e+00 1.031095395783617086e+00 1.031095395783617086e+00 1.031095395783617086e+00 1.031095395783617086e+00 1.031095395783617086e+00 1.031100146395002248e+00 1.031100146395002248e+00 1.031100146395002248e+00 1.031100146395002248e+00 1.031100146395002248e+00 1.031100146395002248e+00 1.031100146395002248e+00 1.031100146395002248e+00 1.031100146395002248e+00 1.031100146395002248e+00
4.166011658037468979e-01 7.568606080034686601e-01 9.622501562352064886e-01 9.934652395529772750e-01 9.934652395529772750e-01 9.934652395529772750e-01 9.934652395529772750e-01 1.031042570630454236e+00 1.031042570630454236e+00 1.031042570630454236e+00 1.031042570630454236e+00 1.031079522026202566e+00 1.031079522026202566e+00 1.031079522026202566e+00 1.031079522026202566e+00 1.031079522026202566e+00 1.031079522026202566e+00 1.031079522026202566e+00 1.031079522026202566e+00 1.031079522026202566e+00 1.031079522026202566e+00
8.433089413015818492e-01 1.021458066258800201e+00 1.021458066258800201e+00 1.031052730935120731e+00 1.031052730935120731e+00 1.031052730935120731e+00 1.031052730935120731e+00 1.031052730935120731e+00 1.031052730935120731e+00 1.031052730935120731e+00 1.031052730935120731e+00 1.031052730935120731e+00 1.031052730935120731e+00 1.031052730935120731e+00 1.031052730935120731e+00 1.031052730935120731e+00 1.031052730935120731e+00 1.031052730935120731e+00 1.031052730935120731e+00 1.031052730935120731e+00 1.031052730935120731e+00
8.879022705091279555e-01 1.025570146907677449e+00 1.027602970262847526e+00 1.027602970262847526e+00 1.027602970262847526e+00 1.027602970262847526e+00 1.027602970262847526e+00 1.027602970262847526e+00 1.027602970262847526e+00 1.027602970262847526e+00 1.027602970262847526e+00 1.027602970262847526e+00 1.027602970262847526e+00 1.031082247843576605e+00 1.031082247843576605e+00 1.031082247843576605e+00 1.031082247843576605e+00 1.031082247843576605e+00 1.031082247843576605e+00 1.031082247843576605e+00 1.031082247843576605e+00
5.896802253402793070e-01 8.116983528687700122e-01 1.018899755835169563e+00 1.018899755835169563e+00 1.030692272727525172e+00 1.030692272727525172e+00 1.030692272727525172e+00 1.030692272727525172e+00 1.030692272727525172e+00 1.031095886359161939e+00 1.031095886359161939e+00 1.031095886359161939e+00 1.031095886359161939e+00 1.031095886359161939e+00 1.031095886359161939e+00 1.031095886359161939e+00 1.031095886359161939e+00 1.031095886359161939e+00 1.031095886359161939e+00 1.031095886359161939e+00 1.031095886359161939e+00
1.014831104085898605e+00 1.024332880833417114e+00 1.024332880833417114e+00 1.024332880833417114e+00 1.024332880833417114e+00 1.029510136503726470e+00 1.029510136503726470e+00 1.029510136503726470e+00 1.029510136503726470e+00 1.031099030137486938e+00 1.031099030137486938e+00 1.031099030137486938e+00 1.031099030137486938e+00 1.031099030137486938e+00 1.031099030137486938e+00 1.031099030137486938e+00 1.031099030137486938e+00 1.031099030137486938e+00 1.031099030137486938e+00 1.031099030137486938e+00 1.031099030137486938e+00
7.802608506618915474e-01 1.025803591804828496e+00 1.025803591804828496e+00 1.031070730958745463e+00 1.031070730958745463e+00 1.031070730958745463e+00 1.031070730958745463e+00 1.031070730958745463e+00 1.031070730958745463e+00 1.031070730958745463e+00 1.031070730958745463e+00 1.031070730958745463e+00 1.031070730958745463e+00 1.031070730958745463e+00 1.031070730958745463e+00 1.031070730958745463e+00 1.031070730958745463e+00 1.031096448202706073e+00 1.031096448202706073e+00 1.031096448202706073e+00 1.031096448202706073e+00
6.704152016865068120e-01 6.704152016865068120e-01 6.704152016865068120e-01 6.704152016865068120e-01 1.014285581430460326e+00 1.014285581430460326e+00 1.026578827399220684e+00 1.026578827399220684e+00 1.026578827399220684e+00 1.031088655848027669e+00 1.031088655848027669e+00 1.031088655848027669e+00 1.031088655848027669e+00 1.031088655848027669e+00 1.031088655848027669e+00 1.031088655848027669e+00 1.031088655848027669e+00 1.031088655848027669e+00 1.031088655848027669e+00 1.031088655848027669e+00 1.031088655848027669e+00
9.040591885015799578e-01 9.040591885015799578e-01 1.030708758225406640e+00 1.030708758225406640e+00 1.030708758225406640e+00 1.030708758225406640e+00 1.030708758225406640e+00 1.030708758225406640e+00 1.030708758225406640e+00 1.030708758225406640e+00 1.030708758225406640e+00 1.030708758225406640e+00 1.030708758225406640e+00 1.030708758225406640e+00 1.030708758225406640e+00 1.030708758225406640e+00 1.030708758225406640e+00 1.030708758225406640e+00 1.030708758225406640e+00 1.030708758225406640e+00 1.030708758225406640e+00
9.524380484421060000e-01 9.958704134412637021e-01 9.958704134412637021e-01 1.029326629527935966e+00 1.031088234071755760e+00 1.031088234071755760e+00 1.031088234071755760e+00 1.031088234071755760e+00 1.031088234071755760e+00 1.031090476407781065e+00 1.031090476407781065e+00 1.031090476407781065e+00 1.031090476407781065e+00 1.031090476407781065e+00 1.031090476407781065e+00 1.031090476407781065e+00 1.031090476407781065e+00 1.031090476407781065e+00 1.031090476407781065e+00 1.031090476407781065e+00 1.031090476407781065e+00
9.816013409071113749e-01 1.003956313729965188e+00 1.003956313729965188e+00 1.003956313729965188e+00 1.028666102933255999e+00 1.028666102933255999e+00 1.028666102933255999e+00 1.028666102933255999e+00 1.028666102933255999e+00 1.028666102933255999e+00 1.028666102933255999e+00 1.028666102933255999e+00 1.028666102933255999e+00 1.028666102933255999e+00 1.028666102933255999e+00 1.028666102933255999e+00 1.028666102933255999e+00 1.028666102933255999e+00 1.028666102933255999e+00 1.028666102933255999e+00 1.028666102933255999e+00
6.232704296648025055e-01 7.588016359773329667e-01 7.588016359773329667e-01 9.611776765576701687e-01 1.027576663905744203e+00 1.029126551632621123e+00 1.029126551632621123e+00 1.031041014955415225e+00 1.031041014955415225e+00 1.031041014955415225e+00 1.031041014955415225e+00 1.031041014955415225e+00 1.031075302780386505e+00 1.031075302780386505e+00 1.031075302780386505e+00 1.031075302780386505e+00 1.031075302780386505e+00 1.031075302780386505e+00 1.031075302780386505e+00 1.031075302780386505e+00 1.031075302780386505e+00
5.705968178104379174e-01 9.471123143511318565e-01 1.022984257702792554e+00 1.022984257702792554e+00 1.030116874204581201e+00 1.031089449083764098e+00 1.031089449083764098e+00 1.031089449083764098e+00 1.031089449083764098e+00 1.031089449083764098e+00 1.031089449083764098e+00 1.031089449083764098e+00 1.031089449083764098e+00 1.031089449083764098e+00 1.031089449083764098e+00 1.031089449083764098e+00 1.031089449083764098e+00 1.031089449083764098e+00 1.031089449083764098e+00 1.031089449083764098e+00 1.031089449083764098e+00
6.800000280389553176e-01 8.771684781422216526e-01 8.771684781422216526e-01 8.771684781422216526e-01 1.026098418749019636e+00 1.026098418749019636e+00 1.026098418749019636e+00 1.026098418749019636e+00 1.030592790165527184e+00 1.030592790165527184e+00 1.031095487510957476e+00 1.031095487510957476e+00 1.031095487510957476e+00 1.031095487510957476e+00 1.031095487510957476e+00 1.031095487510957476e+00 1.031095487510957476e+00 1.031095487510957476e+00 1.031095487510957476e+00 1.031095487510957476e+00 1.031095487510957476e+00
6.051588255082522849e-01 9.927108257472883057e-01 1.031090132502370915e+00 1.031090132502370915e+00 1.031090132502370915e+00 1.031090132502370915e+00 1.031090132502370915e+00 1.031090132502370915e+00 1.031090132502370915e+00 1.031090132502370915e+00 1.031090132502370915e+00 1.031090132502370915e+00 1.031090132502370915e+00 1.031090132502370915e+00 1.031090132502370915e+00 1.031090132502370915e+00 1.031090132502370915e+00 1.031090132502370915e+00 1.031090132502370915e+00 1.031090132502370915e+00 1.031090132502370915e+00
6.147666029569017754e-01 1.022545284755076889e+00 1.022545284755076889e+00 1.022545284755076889e+00 1.029916067427905757e+00 1.029916067427905757e+00 1.029916067427905757e+00 1.031099254137521903e+00 1.031099254137521903e+00 1.031099254137521903e+00 1.031099254137521903e+00 1.031099254137521903e+00 1.031099254137521903e+00 1.031099254137521903e+00 1.031099254137521903e+00 1.031099254137521903e+00 1.031099254137521903e+00 1.031099254137521903e+00 1.031099254137521903e+00 1.031099254137521903e+00 1.031099254137521903e+00
8.920422005250053799e-01 9.983009468115057183e-01 1.019135062466056896e+00 1.019135062466056896e+00 1.031036692626467799e+00 1.031036692626467799e+00 1.031095059451520246e+00 1.031095059451520246e+00 1.031095059451520246e+00 1.031095059451520246e+00 1.031095059451520246e+00 1.031095059451520246e+00 1.031095059451520246e+00 1.031095059451520246e+00 1.031095059451520246e+00 1.031095059451520246e+00 1.031095059451520246e+00 1.031095059451520246e+00 1.031095059451520246e+00 1.031095059451520246e+00 1.031095059451520246e+00
9.717491979839988359e-01 9.717491979839988359e-01 1.030470165830803086e+00 1.030470165830803086e+00 1.030470165830803086e+00 1.030470165830803086e+00 1.030470165830803086e+00 1.030470165830803086e+00 1.030470165830803086e+00 1.030470165830803086e+00 1.030470165830803086e+00 1.030470165830803086e+00 1.030470165830803086e+00 1.030470165830803086e+00 1.031100205854563079e+00 1.031100205854563079e+00 1.031100205854563079e+00 1.031100205854563079e+00 1.031100205854563079e+00 1.031100205854563079e+00 1.031100205854563079e+00
7.875465092721407601e-01 1.008611533217431022e+00 1.026796707088534655e+00 1.026796707088534655e+00 1.026796707088534655e+00 1.026796707088534655e+00 1.026796707088534655e+00 1.026796707088534655e+00 1.026796707088534655e+00 1.026796707088534655e+00 1.030805354717344580e+00 1.030805354717344580e+00 1.030805354717344580e+00 1.030805354717344580e+00 1.030805354717344580e+00 1.030805354717344580e+00 1.030805354717344580e+00 1.030805354717344580e+00 1.030805354717344580e+00 1.030805354717344580e+00 1.030805354717344580e+00
6.513077741110804286e-01 6.513077741110804286e-01 1.012069031988559464e+00 1.030107590177262722e+00 1.031042365368256553e+00 1.031042365368256553e+00 1.031042365368256553e+00 1.031042365368256553e+00 1.031042365368256553e+00 1.031042365368256553e+00 1.031042365368256553e+00 1.031042365368256553e+00 1.031042365368256553e+00 1.031042365368256553e+00 1.031100413443237107e+00 1.031100413443237107e+00 1.031100413443237107e+00 1.031100413443237107e+00 1.031100413443237107e+00 1.031100413443237107e+00 1.031100413443237107e+00
