1.007750680353359796e+00 1.030956323539416797e+00 1.030956323539416797e+00 1.031078358410443041e+00 1.031078358410443041e+00 1.031079127165960285e+00 1.031079127165960285e+00 1.031087918398646552e+00 1.031087918398646552e+00 1.031087918398646552e+00 1.031087918398646552e+00 1.031087918398646552e+00 1.031087918398646552e+00 1.031087918398646552e+00 1.031087918398646552e+00 1.031087918398646552e+00 1.031087918398646552e+00 1.031087918398646552e+00 1.031087918398646552e+00 1.031087918398646552e+00 1.031087918398646552e+00
4.166011658037468979e-01 7.895976116517682275e-01 9.599523686269065825e-01 9.825457559925168116e-01 9.825457559925168116e-01 1.030195691244701672e+00 1.030195691244701672e+00 1.030195691244701672e+00 1.030431070123129844e+00 1.030431070123129844e+00 1.030431070123129844e+00 1.030431070123129844e+00 1.030431070123129844e+00 1.031093429284468455e+00 1.031093429284468455e+00 1.031093429284468455e+00 1.031093429284468455e+00 1.031093429284468455e+00 1.031093429284468455e+00 1.031093429284468455e+00 1.031093429284468455e+00
8.433089413015818492e-01 1.000389814627618890e+00 1.031057981723186412e+00 1.031057981723186412e+00 1.031057981723186412e+00 1.031057981723186412e+00 1.031057981723186412e+00 1.031057981723186412e+00 1.031057981723186412e+00 1.031057981723186412e+00 1.031057981723186412e+00 1.031057981723186412e+00 1.031057981723186412e+00 1.031057981723186412e+00 1.031057981723186412e+00 1.031057981723186412e+00 1.031057981723186412e+00 1.031057981723186412e+00 1.031057981723186412e+00 1.031057981723186412e+00 1.031057981723186412e+00
8.879022705091279555e-01 1.024976482719277993e+00 1.027754186485235310e+00 1.027754186485235310e+00 1.031046439098882495e+00 1.031046439098882495e+00 1.031046439098882495e+00 1.031046439098882495e+00 1.031046439098882495e+00 1.031046439098882495e+00 1.031046439098882495e+00 1.031046439098882495e+00 1.031046439098882495e+00 1.031046439098882495e+00 1.031046439098882495e+00 1.031046439098882495e+00 1.031046439098882495e+00 1.031046439098882495e+00 1.031046439098882495e+00 1.031046439098882495e+00 1.031046439098882495e+00
5.896802253402793070e-01 8.066968622053988236e-01 8.066968622053988236e-01 1.021062801112976981e+00 1.030148434937965707e+00 1.031097788567962192e+00 1.031097788567962192e+00 1.031097788567962192e+00 1.031097788567962192e+00 1.031097788567962192e+00 1.031097788567962192e+00 1.031097788567962192e+00 1.031099275087004941e+00 1.031099275087004941e+00 1.031099275087004941e+00 1.031099275087004941e+00 1.031099275087004941e+00 1.031099275087004941e+00 1.031099275087004941e+00 1.031099275087004941e+00 1.031099275087004941e+00
1.014831104085898605e+00 1.024255692462710643e+00 1.029582396203160721e+00 1.031033981276436640e+00 1.031033981276436640e+00 1.031033981276436640e+00 1.031084067226619938e+00 1.031084067226619938e+00 1.031090747947466912e+00 1.031090747947466912e+00 1.031090747947466912e+00 1.031090747947466912e+00 1.031090747947466912e+00 1.031090747947466912e+00 1.031090747947466912e+00 1.031090747947466912e+00 1.031090747947466912e+00 1.031090747947466912e+00 1.031090747947466912e+00 1.031090747947466912e+00 1.031090747947466912e+00
7.802608506618915474e-01 1.025955354883065995e+00 1.025955354883065995e+00 1.030644306224875573e+00 1.030644306224875573e+00 1.030644306224875573e+00 1.030644306224875573e+00 1.030644306224875573e+00 1.030644306224875573e+00 1.030644306224875573e+00 1.030644306224875573e+00 1.031099473008852296e+00 1.031099473008852296e+00 1.031099473008852296e+00 1.031099473008852296e+00 1.031099473008852296e+00 1.031099473008852296e+00 1.031099473008852296e+00 1.031099473008852296e+00 1.031099473008852296e+00 1.031099473008852296e+00
6.704152016865068120e-01 6.704152016865068120e-01 6.704152016865068120e-01 6.704152016865068120e-01 7.895976116517682275e-01 1.016632212405990110e+00 1.016632212405990110e+00 1.025931273868146976e+00 1.025931273868146976e+00 1.025931273868146976e+00 1.031072312233494159e+00 1.031072312233494159e+00 1.031072312233494159e+00 1.031072312233494159e+00 1.031072312233494159e+00 1.031072312233494159e+00 1.031072312233494159e+00 1.031072312233494159e+00 1.031091558574073419e+00 1.031091558574073419e+00 1.031091558574073419e+00
9.040591885015799578e-01 9.040591885015799578e-01 1.030906356817012037e+00 1.030906356817012037e+00 1.030906356817012037e+00 1.030906356817012037e+00 1.030906356817012037e+00 1.030906356817012037e+00 1.030906356817012037e+00 1.030906356817012037e+00 1.030906356817012037e+00 1.030906356817012037e+00 1.030906356817012037e+00 1.030906356817012037e+00 1.030906356817012037e+00 1.031095674792841255e+00 1.031095674792841255e+00 1.031095674792841255e+00 1.031095674792841255e+00 1.031098842118696624e+00 1.031098842118696624e+00
9.524380484421060000e-01 9.908740511007808616e-01 1.028917375888699137e+00 1.029468466253246506e+00 1.029468466253246506e+00 1.031089667671906129e+00 1.031090138591193917e+00 1.031090138591193917e+00 1.031090138591193917e+00 1.031090138591193917e+00 1.031090138591193917e+00 1.031090138591193917e+00 1.031090138591193917e+00 1.031090138591193917e+00 1.031090138591193917e+00 1.031090138591193917e+00 1.031090138591193917e+00 1.031090138591193917e+00 1.031090138591193917e+00 1.031090138591193917e+00 1.031090138591193917e+00
9.816013409071113749e-01 1.006739611482776020e+00 1.006739611482776020e+00 1.029695519977208429e+00 1.029695519977208429e+00 1.031075041988350316e+00 1.031075041988350316e+00 1.031075041988350316e+00 1.031075041988350316e+00 1.031075041988350316e+00 1.031075041988350316e+00 1.031075041988350316e+00 1.031075041988350316e+00 1.031075041988350316e+00 1.031075041988350316e+00 1.031075041988350316e+00 1.031075041988350316e+00 1.031075041988350316e+00 1.031075041988350316e+00 1.031075041988350316e+00 1.031075041988350316e+00
6.232704296648025055e-01 7.795576750943422617e-01 7.795576750943422617e-01 9.588646784069843054e-01 1.027970474858845629e+00 1.027970474858845629e+00 1.030472842166620051e+00 1.030472842166620051e+00 1.030472842166620051e+00 1.030472842166620051e+00 1.030472842166620051e+00 1.030472842166620051e+00 1.030472842166620051e+00 1.030472842166620051e+00 1.030472842166620051e+00 1.030472842166620051e+00 1.030472842166620051e+00 1.030472842166620051e+00 1.030472842166620051e+00 1.030472842166620051e+00 1.030472842166620051e+00
5.705968178104379174e-01 9.993359137217964205e-01 1.020369474768840989e+00 1.020369474768840989e+00 1.030999553911923661e+00 1.030999553911923661e+00 1.030999553911923661e+00 1.030999553911923661e+00 1.030999553911923661e+00 1.030999553911923661e+00 1.030999553911923661e+00 1.030999553911923661e+00 1.030999553911923661e+00 1.030999553911923661e+00 1.030999553911923661e+00 1.030999553911923661e+00 1.030999553911923661e+00 1.030999553911923661e+00 1.030999553911923661e+00 1.030999553911923661e+00 1.030999553911923661e+00
6.800000280389553176e-01 8.752947073185066706e-01 1.026357498729755680e+00 1.026357498729755680e+00 1.026357498729755680e+00 1.026357498729755680e+00 1.030932514774539399e+00 1.030932514774539399e+00 1.030932514774539399e+00 1.030932514774539399e+00 1.030932514774539399e+00 1.030932514774539399e+00 1.030932514774539399e+00 1.030932514774539399e+00 1.030932514774539399e+00 1.030932514774539399e+00 1.030932514774539399e+00 1.030932514774539399e+00 1.030932514774539399e+00 1.030932514774539399e+00 1.030932514774539399e+00
6.051588255082522849e-01 9.895917030512082491e-01 1.031058449986502090e+00 1.031077095622860318e+00 1.031100621044857890e+00 1.031100621044857890e+00 1.031100621044857890e+00 1.031100815154082140e+00 1.031100815154082140e+00 1.031100815154082140e+00 1.031100815154082140e+00 1.031100815154082140e+00 1.031100815154082140e+00 1.031100815154082140e+00 1.031100815154082140e+00 1.031100815154082140e+00 1.031100815154082140e+00 1.031100815154082140e+00 1.031100815154082140e+00 1.031100815154082140e+00 1.031100815154082140e+00
6.147666029569017754e-01 1.025973705498767208e+00 1.025973705498767208e+00 1.031027687721295827e+00 1.031027687721295827e+00 1.031027687721295827e+00 1.031027687721295827e+00 1.031027687721295827e+00 1.031100192180192776e+00 1.031100192180192776e+00 1.031100192180192776e+00 1.031100192180192776e+00 1.031100192180192776e+00 1.031100192180192776e+00 1.031100192180192776e+00 1.031100192180192776e+00 1.031100192180192776e+00 1.031100192180192776e+00 1.031100192180192776e+00 1.031100192180192776e+00 1.031100192180192776e+00
8.920422005250053799e-01 1.003471676824168268e+00 1.018283749136020599e+00 1.018283749136020599e+00 1.030948017542638651e+00 1.031079717205693580e+00 1.031079717205693580e+00 1.031079717205693580e+00 1.031079717205693580e+00 1.031093294300172047e+00 1.031093294300172047e+00 1.031093294300172047e+00 1.031093294300172047e+00 1.031093294300172047e+00 1.031093294300172047e+00 1.031093294300172047e+00 1.031093294300172047e+00 1.031093294300172047e+00 1.031093294300172047e+00 1.031093294300172047e+00 1.031093294300172047e+00
9.717491979839988359e-01 1.029481525986926771e+00 1.029481525986926771e+00 1.029481525986926771e+00 1.031049277303080380e+00 1.031049277303080380e+00 1.031049277303080380e+00 1.031093061464795069e+00 1.031093061464795069e+00 1.031093061464795069e+00 1.031093061464795069e+00 1.031093061464795069e+00 1.031093061464795069e+00 1.031093061464795069e+00 1.031093061464795069e+00 1.031093061464795069e+00 1.031093061464795069e+00 1.031093061464795069e+00 1.031093061464795069e+00 1.031093061464795069e+00 1.031093061464795069e+00
7.875465092721407601e-01 1.020143496247791104e+00 1.020143496247791104e+00 1.026357398441013702e+00 1.026357398441013702e+00 1.030969208176371721e+00 1.030969208176371721e+00 1.030969208176371721e+00 1.030969208176371721e+00 1.030969208176371721e+00 1.030969208176371721e+00 1.030969208176371721e+00 1.030969208176371721e+00 1.030969208176371721e+00 1.031096121200443250e+00 1.031096121200443250e+00 1.031096121200443250e+00 1.031096121200443250e+00 1.031096121200443250e+00 1.031096121200443250e+00 1.031096121200443250e+00
6.513077741110804286e-01 6.513077741110804286e-01 6.513077741110804286e-01 1.024629177722442108e+00 1.029916861620445045e+00 1.030963079216497214e+00 1.030963079216497214e+00 1.031097617237699549e+00 1.031097617237699549e+00 1.031097617237699549e+00 1.031097617237699549e+00 1.031097617237699549e+00 1.031097617237699549e+00 1.031097617237699549e+00 1.031097617237699549e+00 1.031097617237699549e+00 1.031097617237699549e+00 1.031097617237699549e+00 1.031097617237699549e+00 1.031097617237699549e+00 1.031097617237699549e+00
