1.007750680353359796e+00 1.007750680353359796e+00 1.007750680353359796e+00 1.027981797122031526e+00 1.027981797122031526e+00 1.027981797122031526e+00 1.027981797122031526e+00 1.030318914949829745e+00 1.030318914949829745e+00 1.030318914949829745e+00 1.030318914949829745e+00 1.031081448161746739e+00 1.031081448161746739e+00 1.031081448161746739e+00 1.031081448161746739e+00 1.031081448161746739e+00 1.031081448161746739e+00 1.031081448161746739e+00 1.031081448161746739e+00 1.031081448161746739e+00 1.031081448161746739e+00
4.166011658037468979e-01 6.629590037450957540e-01 9.723768751084456152e-01 9.723768751084456152e-01 9.723768751084456152e-01 9.723768751084456152e-01 1.029593945207111894e+00 1.029593945207111894e+00 1.029593945207111894e+00 1.029593945207111894e+00 1.029593945207111894e+00 1.030317728458652438e+00 1.030317728458652438e+00 1.030317728458652438e+00 1.030317728458652438e+00 1.030317728458652438e+00 1.030317728458652438e+00 1.030317728458652438e+00 1.030317728458652438e+00 1.030317728458652438e+00 1.031098181303114147e+00
8.433089413015818492e-01 1.019846120231277853e+00 1.019846120231277853e+00 1.019846120231277853e+00 1.019846120231277853e+00 1.019846120231277853e+00 1.019846120231277853e+00 1.029535406495701411e+00 1.029535406495701411e+00 1.029535406495701411e+00 1.029535406495701411e+00 1.031081483379802988e+00 1.031081483379802988e+00 1.031081483379802988e+00 1.031081483379802988e+00 1.031081483379802988e+00 1.031081483379802988e+00 1.031081483379802988e+00 1.031081483379802988e+00 1.031081483379802988e+00 1.031081483379802988e+00
8.879022705091279555e-01 9.701302359375025830e-01 9.840371257332560795e-01 9.840371257332560795e-01 1.028982650191121007e+00 1.028982650191121007e+00 1.028982650191121007e+00 1.028982650191121007e+00 1.028982650191121007e+00 1.028987110078325884e+00 1.028987110078325884e+00 1.028987110078325884e+00 1.028987110078325884e+00 1.031068469049328584e+00 1.031068469049328584e+00 1.031068469049328584e+00 1.031068469049328584e+00 1.031068469049328584e+00 1.031068469049328584e+00 1.031068469049328584e+00 1.031068469049328584e+00
5.896802253402793070e-01 7.586978296157004253e-01 1.026407370904044658e+00 1.026407370904044658e+00 1.026407370904044658e+00 1.026407370904044658e+00 1.026407370904044658e+00 1.026407370904044658e+00 1.026407370904044658e+00 1.030526004354856973e+00 1.030526004354856973e+00 1.030526004354856973e+00 1.031074408146887222e+00 1.031074408146887222e+00 1.031074408146887222e+00 1.031074408146887222e+00 1.031074408146887222e+00 1.031074408146887222e+00 1.031074408146887222e+00 1.031074408146887222e+00 1.031074408146887222e+00
1.014831104085898605e+00 1.014831104085898605e+00 1.023690372979255914e+00 1.023690372979255914e+00 1.023690372979255914e+00 1.023690372979255914e+00 1.023690372979255914e+00 1.023690372979255914e+00 1.030384814758227519e+00 1.030384814758227519e+00 1.030384814758227519e+00 1.030923387621887288e+00 1.030923387621887288e+00 1.030923387621887288e+00 1.030923387621887288e+00 1.030923387621887288e+00 1.030923387621887288e+00 1.030923387621887288e+00 1.030923387621887288e+00 1.030923387621887288e+00 1.030923387621887288e+00
7.802608506618915474e-01 1.022618415900142796e+00 1.022618415900142796e+00 1.025296429926555231e+00 1.025296429926555231e+00 1.025296429926555231e+00 1.025296429926555231e+00 1.025296429926555231e+00 1.025296429926555231e+00 1.031092943883953339e+00 1.031092943883953339e+00 1.031092943883953339e+00 1.031092943883953339e+00 1.031092943883953339e+00 1.031092943883953339e+00 1.031092943883953339e+00 1.031092943883953339e+00 1.031092943883953339e+00 1.031092943883953339e+00 1.031092943883953339e+00 1.031092943883953339e+00
6.704152016865068120e-01 7.313883716602163076e-01 7.313883716602163076e-01 8.643941212909477256e-01 9.973449721262351853e-01 9.973449721262351853e-01 1.024921713619538322e+00 1.024921713619538322e+00 1.030821518079368948e+00 1.030821518079368948e+00 1.030821518079368948e+00 1.030821518079368948e+00 1.030821518079368948e+00 1.030821518079368948e+00 1.030821518079368948e+00 1.030821518079368948e+00 1.030821518079368948e+00 1.030821518079368948e+00 1.030821518079368948e+00 1.030821518079368948e+00 1.030821518079368948e+00
9.040591885015799578e-01 9.040591885015799578e-01 1.030684795790741237e+00 1.030684795790741237e+00 1.030684795790741237e+00 1.030684795790741237e+00 1.030684795790741237e+00 1.030684795790741237e+00 1.030684795790741237e+00 1.030684795790741237e+00 1.031083661357901082e+00 1.031083661357901082e+00 1.031083661357901082e+00 1.031083661357901082e+00 1.031083661357901082e+00 1.031083661357901082e+00 1.031083661357901082e+00 1.031083661357901082e+00 1.031083661357901082e+00 1.031083661357901082e+00 1.031083661357901082e+00
9.524380484421060000e-01 9.524380484421060000e-01 1.026420945907018378e+00 1.026420945907018378e+00 1.026420945907018378e+00 1.026420945907018378e+00 1.026420945907018378e+00 1.030433222042799857e+00 1.030433222042799857e+00 1.030977694012678247e+00 1.030977694012678247e+00 1.030977694012678247e+00 1.030977694012678247e+00 1.030977694012678247e+00 1.030977694012678247e+00 1.030977694012678247e+00 1.030977694012678247e+00 1.030977694012678247e+00 1.030977694012678247e+00 1.030977694012678247e+00 1.030977694012678247e+00
9.816013409071113749e-01 9.980241618780556490e-01 9.980241618780556490e-01 9.980241618780556490e-01 1.000048141913719046e+00 1.000048141913719046e+00 1.000048141913719046e+00 1.030502075902849146e+00 1.030502075902849146e+00 1.030502075902849146e+00 1.030502075902849146e+00 1.030502075902849146e+00 1.030502075902849146e+00 1.030502075902849146e+00 1.030502075902849146e+00 1.030502075902849146e+00 1.030502075902849146e+00 1.030502075902849146e+00 1.030502075902849146e+00 1.030502075902849146e+00 1.030502075902849146e+00
6.232704296648025055e-01 8.051814747268675188e-01 8.051814747268675188e-01 9.202123982745828989e-01 1.011610181496142458e+00 1.028464332471888065e+00 1.028464332471888065e+00 1.030865198748045719e+00 1.030865198748045719e+00 1.030865198748045719e+00 1.030865198748045719e+00 1.030865198748045719e+00 1.030865198748045719e+00 1.030865198748045719e+00 1.030865198748045719e+00 1.030865198748045719e+00 1.030865198748045719e+00 1.030865198748045719e+00 1.030865198748045719e+00 1.030865198748045719e+00 1.030865198748045719e+00
5.705968178104379174e-01 8.621783926377184493e-01 1.027278829480766209e+00 1.027278829480766209e+00 1.027278829480766209e+00 1.027278829480766209e+00 1.027278829480766209e+00 1.027278829480766209e+00 1.027278829480766209e+00 1.027278829480766209e+00 1.027278829480766209e+00 1.027278829480766209e+00 1.027278829480766209e+00 1.027278829480766209e+00 1.027278829480766209e+00 1.027278829480766209e+00 1.027278829480766209e+00 1.027278829480766209e+00 1.027278829480766209e+00 1.027278829480766209e+00 1.027278829480766209e+00
6.800000280389553176e-01 9.081436290244402354e-01 1.017382200794010982e+00 1.017382200794010982e+00 1.017382200794010982e+00 1.017382200794010982e+00 1.017382200794010982e+00 1.017382200794010982e+00 1.017382200794010982e+00 1.017382200794010982e+00 1.029535754363871680e+00 1.029535754363871680e+00 1.029535754363871680e+00 1.029535754363871680e+00 1.029535754363871680e+00 1.029535754363871680e+00 1.029535754363871680e+00 1.029535754363871680e+00 1.029535754363871680e+00 1.029535754363871680e+00 1.029535754363871680e+00
6.051588255082522849e-01 8.169110502758896164e-01 1.012792549296729572e+00 1.012792549296729572e+00 1.012792549296729572e+00 1.012792549296729572e+00 1.012792549296729572e+00 1.030740021799786410e+00 1.030740021799786410e+00 1.030740021799786410e+00 1.030740021799786410e+00 1.030740021799786410e+00 1.030740021799786410e+00 1.030740021799786410e+00 1.030740021799786410e+00 1.030740021799786410e+00 1.030740021799786410e+00 1.030740021799786410e+00 1.030740021799786410e+00 1.030740021799786410e+00 1.030740021799786410e+00
6.147666029569017754e-01 1.008584245784961420e+00 1.008584245784961420e+00 1.008584245784961420e+00 1.008584245784961420e+00 1.008584245784961420e+00 1.031056927439469861e+00 1.031056927439469861e+00 1.031056927439469861e+00 1.031056927439469861e+00 1.031056927439469861e+00 1.031056927439469861e+00 1.031056927439469861e+00 1.031056927439469861e+00 1.031056927439469861e+00 1.031056927439469861e+00 1.031056927439469861e+00 1.031056927439469861e+00 1.031056927439469861e+00 1.031056927439469861e+00 1.031056927439469861e+00
8.920422005250053799e-01 9.923465669401938527e-01 9.923465669401938527e-01 9.923465669401938527e-01 9.923465669401938527e-01 1.028750053289540167e+00 1.029768787063853885e+00 1.029768787063853885e+00 1.029768787063853885e+00 1.029768787063853885e+00 1.029768787063853885e+00 1.031093914501242104e+00 1.031093914501242104e+00 1.031093914501242104e+00 1.031093914501242104e+00 1.031093914501242104e+00 1.031093914501242104e+00 1.031093914501242104e+00 1.031093914501242104e+00 1.031093914501242104e+00 1.031093914501242104e+00
9.717491979839988359e-01 9.717491979839988359e-01 1.028693273324236657e+00 1.028693273324236657e+00 1.028693273324236657e+00 1.028693273324236657e+00 1.028693273324236657e+00 1.028693273324236657e+00 1.028693273324236657e+00 1.028693273324236657e+00 1.028693273324236657e+00 1.030824356519381091e+00 1.030824356519381091e+00 1.030824356519381091e+00 1.030824356519381091e+00 1.030824356519381091e+00 1.030824356519381091e+00 1.030824356519381091e+00 1.030824356519381091e+00 1.030824356519381091e+00 1.030824356519381091e+00
7.875465092721407601e-01 9.833981862457074063e-01 1.024575473416986959e+00 1.024575473416986959e+00 1.024575473416986959e+00 1.024575473416986959e+00 1.024575473416986959e+00 1.024575473416986959e+00 1.024575473416986959e+00 1.024575473416986959e+00 1.031035700644187481e+00 1.031035700644187481e+00 1.031035700644187481e+00 1.031035700644187481e+00 1.031035700644187481e+00 1.031035700644187481e+00 1.031035700644187481e+00 1.031035700644187481e+00 1.031035700644187481e+00 1.031035700644187481e+00 1.031035700644187481e+00
6.513077741110804286e-01 7.335791663213140357e-01 7.335791663213140357e-01 9.603767729674927978e-01 1.030662100180501195e+00 1.030662100180501195e+00 1.030662100180501195e+00 1.030662100180501195e+00 1.030662100180501195e+00 1.030662100180501195e+00 1.030662100180501195e+00 1.030662100180501195e+00 1.030662100180501195e+00 1.030662100180501195e+00 1.031030475657363388e+00 1.031030475657363388e+00 1.031030475657363388e+00 1.031030475657363388e+00 1.031030475657363388e+00 1.031030475657363388e+00 1.031094436910311885e+00
