1.007750680353359796e+00 1.030790735321493568e+00 1.030790735321493568e+00 1.031032371313490348e+00 1.031032371313490348e+00 1.031032371313490348e+00 1.031032371313490348e+00 1.031032371313490348e+00 1.031032371313490348e+00 1.031032371313490348e+00 1.031032371313490348e+00 1.031032371313490348e+00 1.031032371313490348e+00 1.031032371313490348e+00 1.031032371313490348e+00 1.031032371313490348e+00 1.031032371313490348e+00 1.031032371313490348e+00 1.031032371313490348e+00 1.031032371313490348e+00 1.031032371313490348e+00
4.166011658037468979e-01 7.895976116517682275e-01 9.599005276927752295e-01 9.825306195490308703e-01 9.825306195490308703e-01 1.030195691244701672e+00 1.030643981565489087e+00 1.030643981565489087e+00 1.030643981565489087e+00 1.030643981565489087e+00 1.030643981565489087e+00 1.030643981565489087e+00 1.030643981565489087e+00 1.031100573796869480e+00 1.031100573796869480e+00 1.031100573796869480e+00 1.031100573796869480e+00 1.031100573796869480e+00 1.031100573796869480e+00 1.031100573796869480e+00 1.031100573796869480e+00
8.433089413015818492e-01 1.000468760200346807e+00 1.031057438172866547e+00 1.031057438172866547e+00 1.031057438172866547e+00 1.031057438172866547e+00 1.031057438172866547e+00 1.031057438172866547e+00 1.031057438172866547e+00 1.031057438172866547e+00 1.031057438172866547e+00 1.031057438172866547e+00 1.031084063203538514e+00 1.031084063203538514e+00 1.031084063203538514e+00 1.031084063203538514e+00 1.031084063203538514e+00 1.031084063203538514e+00 1.031084063203538514e+00 1.031084063203538514e+00 1.031084063203538514e+00
8.879022705091279555e-01 1.024976482719277993e+00 1.027766879041916992e+00 1.027766879041916992e+00 1.031048140952621983e+00 1.031048140952621983e+00 1.031087213814966042e+00 1.031087213814966042e+00 1.031087213814966042e+00 1.031087213814966042e+00 1.031087213814966042e+00 1.031087213814966042e+00 1.031087213814966042e+00 1.031087213814966042e+00 1.031087213814966042e+00 1.031087213814966042e+00 1.031087213814966042e+00 1.031087213814966042e+00 1.031087213814966042e+00 1.031087213814966042e+00 1.031087213814966042e+00
5.896802253402793070e-01 8.067262444778615649e-01 8.067262444778615649e-01 1.021062801112976981e+00 1.030151073317613131e+00 1.031098894328152271e+00 1.031098894328152271e+00 1.031098894328152271e+00 1.031098894328152271e+00 1.031098894328152271e+00 1.031098894328152271e+00 1.031098894328152271e+00 1.031098894328152271e+00 1.031098894328152271e+00 1.031098894328152271e+00 1.031098894328152271e+00 1.031098894328152271e+00 1.031098894328152271e+00 1.031098894328152271e+00 1.031098894328152271e+00 1.031098894328152271e+00
1.014831104085898605e+00 1.023664160543979129e+00 1.029694513080437801e+00 1.031048925357861190e+00 1.031048925357861190e+00 1.031048925357861190e+00 1.031076596762833919e+00 1.031076596762833919e+00 1.031076596762833919e+00 1.031076596762833919e+00 1.031076596762833919e+00 1.031076596762833919e+00 1.031076596762833919e+00 1.031076596762833919e+00 1.031076596762833919e+00 1.031076596762833919e+00 1.031076596762833919e+00 1.031076596762833919e+00 1.031076596762833919e+00 1.031076596762833919e+00 1.031076596762833919e+00
7.802608506618915474e-01 1.026451267080965346e+00 1.026451267080965346e+00 1.026451267080965346e+00 1.026451267080965346e+00 1.031100828260910873e+00 1.031100828260910873e+00 1.031100828260910873e+00 1.031100828260910873e+00 1.031100828260910873e+00 1.031100828260910873e+00 1.031100828260910873e+00 1.031100828260910873e+00 1.031100828260910873e+00 1.031100828260910873e+00 1.031100828260910873e+00 1.031100828260910873e+00 1.031100828260910873e+00 1.031100828260910873e+00 1.031100828260910873e+00 1.031100828260910873e+00
6.704152016865068120e-01 6.704152016865068120e-01 6.704152016865068120e-01 6.704152016865068120e-01 7.895976116517682275e-01 1.016662597503409593e+00 1.016662597503409593e+00 1.026108316322329461e+00 1.026108316322329461e+00 1.026108316322329461e+00 1.031048100278949553e+00 1.031048100278949553e+00 1.031048100278949553e+00 1.031048100278949553e+00 1.031048100278949553e+00 1.031048100278949553e+00 1.031048100278949553e+00 1.031048100278949553e+00 1.031099330542184278e+00 1.031099330542184278e+00 1.031099330542184278e+00
9.040591885015799578e-01 9.040591885015799578e-01 1.030905150895420119e+00 1.030905150895420119e+00 1.031084057036860901e+00 1.031084057036860901e+00 1.031084057036860901e+00 1.031084057036860901e+00 1.031084057036860901e+00 1.031084057036860901e+00 1.031084057036860901e+00 1.031084057036860901e+00 1.031084057036860901e+00 1.031084057036860901e+00 1.031084057036860901e+00 1.031084057036860901e+00 1.031084057036860901e+00 1.031084057036860901e+00 1.031084057036860901e+00 1.031084057036860901e+00 1.031084057036860901e+00
9.524380484421060000e-01 9.908740511007808616e-01 1.028913605052318658e+00 1.029468606670673525e+00 1.029468606670673525e+00 1.031093809621439261e+00 1.031095205002899640e+00 1.031095205002899640e+00 1.031095205002899640e+00 1.031095205002899640e+00 1.031095205002899640e+00 1.031095205002899640e+00 1.031095205002899640e+00 1.031095205002899640e+00 1.031095205002899640e+00 1.031095205002899640e+00 1.031095205002899640e+00 1.031095205002899640e+00 1.031095205002899640e+00 1.031095205002899640e+00 1.031095205002899640e+00
9.816013409071113749e-01 1.006610550893112022e+00 1.006610550893112022e+00 1.006610550893112022e+00 1.006610550893112022e+00 1.006610550893112022e+00 1.006610550893112022e+00 1.006610550893112022e+00 1.006610550893112022e+00 1.006610550893112022e+00 1.006610550893112022e+00 1.030851382438168651e+00 1.030851382438168651e+00 1.030851382438168651e+00 1.030851382438168651e+00 1.030851382438168651e+00 1.030851382438168651e+00 1.030851382438168651e+00 1.030851382438168651e+00 1.031096140418966467e+00 1.031096140418966467e+00
6.232704296648025055e-01 7.794977640471226765e-01 7.794977640471226765e-01 9.588717845068650547e-01 1.027967529825194237e+00 1.027967529825194237e+00 1.030498349896579180e+00 1.030498349896579180e+00 1.030498349896579180e+00 1.030498349896579180e+00 1.030498349896579180e+00 1.030498349896579180e+00 1.030498349896579180e+00 1.030498349896579180e+00 1.030498349896579180e+00 1.030498349896579180e+00 1.030498349896579180e+00 1.030498349896579180e+00 1.030498349896579180e+00 1.030498349896579180e+00 1.030498349896579180e+00
5.705968178104379174e-01 9.993359137217964205e-01 1.020369474768840989e+00 1.020369474768840989e+00 1.031036254622832438e+00 1.031036254622832438e+00 1.031036254622832438e+00 1.031036254622832438e+00 1.031036254622832438e+00 1.031036254622832438e+00 1.031036254622832438e+00 1.031036254622832438e+00 1.031036254622832438e+00 1.031036254622832438e+00 1.031036254622832438e+00 1.031036254622832438e+00 1.031036254622832438e+00 1.031036254622832438e+00 1.031036254622832438e+00 1.031036254622832438e+00 1.031036254622832438e+00
6.800000280389553176e-01 8.758524228558092206e-01 1.026361357196997393e+00 1.026361357196997393e+00 1.026361357196997393e+00 1.026361357196997393e+00 1.030943463785005454e+00 1.030943463785005454e+00 1.030943463785005454e+00 1.031099990896405361e+00 1.031099990896405361e+00 1.031099990896405361e+00 1.031099990896405361e+00 1.031099990896405361e+00 1.031099990896405361e+00 1.031099990896405361e+00 1.031099990896405361e+00 1.031099990896405361e+00 1.031099990896405361e+00 1.031099990896405361e+00 1.031099990896405361e+00
6.051588255082522849e-01 9.895773282164687101e-01 1.031058449986502090e+00 1.031065707129694475e+00 1.031093819624465002e+00 1.031093819624465002e+00 1.031093819624465002e+00 1.031093819624465002e+00 1.031093819624465002e+00 1.031093819624465002e+00 1.031093819624465002e+00 1.031093819624465002e+00 1.031093819624465002e+00 1.031093819624465002e+00 1.031093819624465002e+00 1.031093819624465002e+00 1.031093819624465002e+00 1.031093819624465002e+00 1.031093819624465002e+00 1.031093819624465002e+00 1.031093819624465002e+00
6.147666029569017754e-01 1.025970650389052441e+00 1.025970650389052441e+00 1.031028488660294729e+00 1.031028488660294729e+00 1.031028488660294729e+00 1.031028488660294729e+00 1.031028488660294729e+00 1.031028488660294729e+00 1.031028488660294729e+00 1.031028488660294729e+00 1.031028488660294729e+00 1.031028488660294729e+00 1.031028488660294729e+00 1.031028488660294729e+00 1.031028488660294729e+00 1.031028488660294729e+00 1.031028488660294729e+00 1.031028488660294729e+00 1.031028488660294729e+00 1.031028488660294729e+00
8.920422005250053799e-01 1.003471676824168268e+00 1.018283749136020599e+00 1.018283749136020599e+00 1.030948017542638651e+00 1.031079717205693580e+00 1.031079717205693580e+00 1.031079717205693580e+00 1.031079717205693580e+00 1.031079717205693580e+00 1.031079717205693580e+00 1.031079717205693580e+00 1.031079717205693580e+00 1.031079717205693580e+00 1.031079717205693580e+00 1.031079717205693580e+00 1.031079717205693580e+00 1.031079717205693580e+00 1.031079717205693580e+00 1.031079717205693580e+00 1.031079717205693580e+00
9.717491979839988359e-01 1.029481525986926771e+00 1.029481525986926771e+00 1.029481525986926771e+00 1.030906284420384456e+00 1.030906284420384456e+00 1.030906284420384456e+00 1.030906284420384456e+00 1.030906284420384456e+00 1.030906284420384456e+00 1.030906284420384456e+00 1.030906284420384456e+00 1.030906284420384456e+00 1.030906284420384456e+00 1.030906284420384456e+00 1.030906284420384456e+00 1.030906284420384456e+00 1.030906284420384456e+00 1.030906284420384456e+00 1.030906284420384456e+00 1.030906284420384456e+00
7.875465092721407601e-01 1.020143496247791104e+00 1.020143496247791104e+00 1.026422729898924358e+00 1.026422729898924358e+00 1.030951370807000389e+00 1.030951370807000389e+00 1.030951370807000389e+00 1.030951370807000389e+00 1.030951370807000389e+00 1.030951370807000389e+00 1.030951370807000389e+00 1.030951370807000389e+00 1.030951370807000389e+00 1.031095568223480363e+00 1.031095568223480363e+00 1.031095568223480363e+00 1.031095568223480363e+00 1.031095568223480363e+00 1.031095568223480363e+00 1.031095568223480363e+00
6.513077741110804286e-01 6.513077741110804286e-01 6.513077741110804286e-01 1.024629177722442108e+00 1.029916861620445045e+00 1.030990483003956459e+00 1.030990483003956459e+00 1.031082623887834337e+00 1.031082623887834337e+00 1.031082623887834337e+00 1.031082623887834337e+00 1.031082623887834337e+00 1.031082623887834337e+00 1.031082623887834337e+00 1.031082623887834337e+00 1.031082623887834337e+00 1.031082623887834337e+00 1.031082623887834337e+00 1.031082623887834337e+00 1.031082623887834337e+00 1.031082623887834337e+00
