-2.788636685407719362e-02 2.572590719090694922e-01 2.572590719090694922e-01 2.572590719090694922e-01 3.987093615342277575e-01 3.987093615342277575e-01 4.198473081740483615e-01 4.198531013890567376e-01 4.198531013890567376e-01 4.198535135721239153e-01 4.198535135721239153e-01
-1.249348904757685563e-02 -1.249348904757685563e-02 -1.249348904757685563e-02 3.523397097184425841e-01 4.177617472591345082e-01 4.177617472591345082e-01 4.198531013890567376e-01 4.198531013890567376e-01 4.198531013890567376e-01 4.198531013890567376e-01 4.198531013890567376e-01
-8.474346302831337052e-02 -8.474346302831337052e-02 3.068083738064739663e-01 4.122963996445419554e-01 4.122963996445419554e-01 4.168496036895574797e-01 4.168496036895574797e-01 4.168496036895574797e-01 4.198536457421492840e-01 4.198536457421492840e-01 4.198536457421492840e-01
3.670255680175311119e-01 4.180980583070355583e-01 4.180980583070355583e-01 4.180980583070355583e-01 4.180980583070355583e-01 4.180980583070355583e-01 4.198535676912977799e-01 4.198535676912977799e-01 4.198535676912977799e-01 4.198535676912977799e-01 4.198535676912977799e-01
-3.716827683090606627e-02 1.697351165950224949e-01 1.929079182729722675e-01 1.929079182729722675e-01 1.929079182729722675e-01 4.171594810568055034e-01 4.197940369923806037e-01 4.197940369923806037e-01 4.197940369923806037e-01 4.197940369923806037e-01 4.197940369923806037e-01
4.127117412735221702e-01 4.127117412735221702e-01 4.127117412735221702e-01 4.127117412735221702e-01 4.127117412735221702e-01 4.197474582034647073e-01 4.197474582034647073e-01 4.197474582034647073e-01 4.197474582034647073e-01 4.197474582034647073e-01 4.197474582034647073e-01
2.640439618947023059e-01 2.640439618947023059e-01 2.640439618947023059e-01 4.120032494676797996e-01 4.120032494676797996e-01 4.198480815745975758e-01 4.198533321237091220e-01 4.198533321237091220e-01 4.198533321237091220e-01 4.198533321237091220e-01 4.198537286416359482e-01
1.550949441585784960e-01 1.550949441585784960e-01 1.550949441585784960e-01 2.463786268815431058e-01 3.956896666843271460e-01 4.197890739512573632e-01 4.197890739512573632e-01 4.197890739512573632e-01 4.198535135721239153e-01 4.198535135721239153e-01 4.198535135721239153e-01
2.567385133663080410e-01 2.567385133663080410e-01 2.567385133663080410e-01 2.567385133663080410e-01 2.567385133663080410e-01 3.803712180901575035e-01 4.192684199873992767e-01 4.198536457421492840e-01 4.198536457421492840e-01 4.198536457421492840e-01 4.198536457421492840e-01
-2.418057706668977902e-01 -2.418057706668977902e-01 2.140195853956662342e-01 3.853704109326743232e-01 4.130685217010421351e-01 4.198537622784372925e-01 4.198537622784372925e-01 4.198537622784372925e-01 4.198537622784372925e-01 4.198537622784372925e-01 4.198537622784372925e-01
1.335294123506247654e-01 1.335294123506247654e-01 2.124390270827176685e-01 2.124390270827176685e-01 2.124390270827176685e-01 3.891998813694369508e-01 4.124540330596124793e-01 4.198521133892272883e-01 4.198521133892272883e-01 4.198521133892272883e-01 4.198521133892272883e-01
3.352539352633948644e-01 3.352539352633948644e-01 3.352539352633948644e-01 3.352539352633948644e-01 3.991376199716839546e-01 3.991376199716839546e-01 4.198537466604088664e-01 4.198537466604088664e-01 4.198537466604088664e-01 4.198537466604088664e-01 4.198537466604088664e-01
4.079901161213659311e-01 4.079901161213659311e-01 4.198437206914533704e-01 4.198437206914533704e-01 4.198437206914533704e-01 4.198437206914533704e-01 4.198437206914533704e-01 4.198437206914533704e-01 4.198437206914533704e-01 4.198536817954088285e-01 4.198536817954088285e-01
4.197495302767204617e-01 4.197495302767204617e-01 4.197495302767204617e-01 4.197495302767204617e-01 4.197495302767204617e-01 4.197495302767204617e-01 4.197495302767204617e-01 4.197495302767204617e-01 4.197495302767204617e-01 4.197495302767204617e-01 4.198536817954088285e-01
2.560409420507101519e-01 2.560409420507101519e-01 2.560409420507101519e-01 3.731790455590915379e-01 4.198087179986207396e-01 4.198087179986207396e-01 4.198087179986207396e-01 4.198087179986207396e-01 4.198087179986207396e-01 4.198087179986207396e-01 4.198087179986207396e-01
3.311753606999712773e-01 3.807888749400076822e-01 3.807888749400076822e-01 3.807888749400076822e-01 3.807888749400076822e-01 4.192324396147603105e-01 4.192324396147603105e-01 4.192324396147603105e-01 4.192324396147603105e-01 4.192324396147603105e-01 4.192324396147603105e-01
4.137313896358014720e-01 4.137313896358014720e-01 4.137313896358014720e-01 4.137313896358014720e-01 4.137313896358014720e-01 4.137313896358014720e-01 4.195366885987218963e-01 4.195366885987218963e-01 4.198537622784372925e-01 4.198537622784372925e-01 4.198537622784372925e-01
3.649154171111784195e-01 3.649154171111784195e-01 3.649154171111784195e-01 4.198536817954088285e-01 4.198536817954088285e-01 4.198536817954088285e-01 4.198536817954088285e-01 4.198537622784372925e-01 4.198537622784372925e-01 4.198537622784372925e-01 4.198537622784372925e-01
2.496487584611792876e-01 2.496487584611792876e-01 2.597021511763495383e-01 2.597021511763495383e-01 3.604959319399337891e-01 4.197826422391193191e-01 4.197826422391193191e-01 4.197826422391193191e-01 4.197826422391193191e-01 4.197826422391193191e-01 4.197826422391193191e-01
4.187081817322122479e-01 4.187081817322122479e-01 4.187081817322122479e-01 4.187081817322122479e-01 4.187081817322122479e-01 4.187081817322122479e-01 4.187081817322122479e-01 4.198536457421492840e-01 4.198536457421492840e-01 4.198536457421492840e-01 4.198536457421492840e-01
