-2.788636685407719362e-02 2.361361500173189132e-01 2.361361500173189132e-01 2.361361500173189132e-01 3.635391811098510617e-01 3.635391811098510617e-01 4.196604197965136951e-01 4.198536457421492840e-01 4.198536457421492840e-01 4.198537286416359482e-01 4.198537286416359482e-01
-1.249348904757685563e-02 -1.249348904757685563e-02 -1.249348904757685563e-02 2.096722367513557117e-01 4.001487583989208896e-01 4.191500797953854884e-01 4.198536457421492840e-01 4.198536457421492840e-01 4.198536457421492840e-01 4.198536457421492840e-01 4.198536457421492840e-01
-8.474346302831337052e-02 3.712515024952106613e-01 4.173325439375618617e-01 4.173325439375618617e-01 4.198459527890480159e-01 4.198459527890480159e-01 4.198459527890480159e-01 4.198459527890480159e-01 4.198459527890480159e-01 4.198459527890480159e-01 4.198459527890480159e-01
3.670255680175311119e-01 4.181769834002373454e-01 4.198464853932743490e-01 4.198464853932743490e-01 4.198464853932743490e-01 4.198464853932743490e-01 4.198535135721239153e-01 4.198535135721239153e-01 4.198535135721239153e-01 4.198535135721239153e-01 4.198535135721239153e-01
-3.716827683090606627e-02 2.581063670350780548e-01 2.581063670350780548e-01 2.581063670350780548e-01 3.278838719822927406e-01 3.278838719822927406e-01 4.165361376616358302e-01 4.198537286416359482e-01 4.198537286416359482e-01 4.198537286416359482e-01 4.198537286416359482e-01
4.127117412735221702e-01 4.198327575238225418e-01 4.198327575238225418e-01 4.198327575238225418e-01 4.198327575238225418e-01 4.198416305125506343e-01 4.198416305125506343e-01 4.198416305125506343e-01 4.198416305125506343e-01 4.198416305125506343e-01 4.198416305125506343e-01
2.640439618947023059e-01 2.640439618947023059e-01 2.640439618947023059e-01 4.067635017984742585e-01 4.067635017984742585e-01 4.197201028508963927e-01 4.198537286416359482e-01 4.198537286416359482e-01 4.198537286416359482e-01 4.198537286416359482e-01 4.198537466604088664e-01
1.550949441585784960e-01 1.550949441585784960e-01 1.550949441585784960e-01 2.592289928960003209e-01 3.962813806178453468e-01 3.962813806178453468e-01 4.197127771849096245e-01 4.197127771849096245e-01 4.198535135721239153e-01 4.198535135721239153e-01 4.198535135721239153e-01
2.567385133663080410e-01 4.187643724729611661e-01 4.198416305125506343e-01 4.198529300229417727e-01 4.198529300229417727e-01 4.198529300229417727e-01 4.198529300229417727e-01 4.198529300229417727e-01 4.198529300229417727e-01 4.198529300229417727e-01 4.198529300229417727e-01
-2.418057706668977902e-01 -2.418057706668977902e-01 2.204461095780136937e-01 2.204461095780136937e-01 3.897084939040877938e-01 3.897084939040877938e-01 3.897084939040877938e-01 3.897084939040877938e-01 4.166415263303495098e-01 4.190564479918453822e-01 4.190564479918453822e-01
1.335294123506247654e-01 2.513837153635909427e-01 2.513837153635909427e-01 2.513837153635909427e-01 2.513837153635909427e-01 4.043669597102603763e-01 4.197474582034647073e-01 4.197474582034647073e-01 4.197474582034647073e-01 4.197474582034647073e-01 4.197474582034647073e-01
3.352539352633948644e-01 3.352539352633948644e-01 4.191251179947538819e-01 4.191251179947538819e-01 4.191251179947538819e-01 4.191251179947538819e-01 4.191251179947538819e-01 4.191251179947538819e-01 4.192004849856907356e-01 4.192004849856907356e-01 4.198537466604088664e-01
4.079901161213659311e-01 4.079901161213659311e-01 4.196732311043095964e-01 4.196732311043095964e-01 4.196732311043095964e-01 4.198468045348797695e-01 4.198468045348797695e-01 4.198468045348797695e-01 4.198468045348797695e-01 4.198536817954088285e-01 4.198536817954088285e-01
4.197495302767204617e-01 4.198531013890567376e-01 4.198531013890567376e-01 4.198531013890567376e-01 4.198531917971974892e-01 4.198531917971974892e-01 4.198531917971974892e-01 4.198531917971974892e-01 4.198531917971974892e-01 4.198531917971974892e-01 4.198536457421492840e-01
2.560409420507101519e-01 2.560409420507101519e-01 2.560409420507101519e-01 3.325850071525163765e-01 4.129931171424245928e-01 4.197878230404565869e-01 4.197878230404565869e-01 4.197878230404565869e-01 4.197878230404565869e-01 4.197878230404565869e-01 4.197878230404565869e-01
3.311753606999712773e-01 3.311753606999712773e-01 4.150367581615608259e-01 4.150367581615608259e-01 4.150367581615608259e-01 4.150367581615608259e-01 4.179816996660552508e-01 4.179816996660552508e-01 4.184325684706493020e-01 4.184325684706493020e-01 4.184325684706493020e-01
4.137313896358014720e-01 4.137313896358014720e-01 4.198446916597893264e-01 4.198446916597893264e-01 4.198446916597893264e-01 4.198446916597893264e-01 4.198446916597893264e-01 4.198446916597893264e-01 4.198535676912977799e-01 4.198535676912977799e-01 4.198535676912977799e-01
3.649154171111784195e-01 3.649154171111784195e-01 3.649154171111784195e-01 4.193937698839672601e-01 4.193937698839672601e-01 4.193937698839672601e-01 4.193937698839672601e-01 4.198537466604088664e-01 4.198537466604088664e-01 4.198537466604088664e-01 4.198537466604088664e-01
2.496487584611792876e-01 2.496487584611792876e-01 2.496487584611792876e-01 2.496487584611792876e-01 3.572447811705641851e-01 4.139887165384398826e-01 4.139887165384398826e-01 4.139887165384398826e-01 4.139887165384398826e-01 4.139887165384398826e-01 4.189003735147159846e-01
4.187081817322122479e-01 4.187081817322122479e-01 4.187081817322122479e-01 4.187081817322122479e-01 4.187081817322122479e-01 4.187081817322122479e-01 4.198319032863319089e-01 4.198319032863319089e-01 4.198319032863319089e-01 4.198319032863319089e-01 4.198319032863319089e-01
