2.451872028602588216e+01 3.698582032012129162e+01 3.698582032012129162e+01 4.134187724584779744e+01 4.134187724584779744e+01 4.134187724584779744e+01 4.134187724584779744e+01 5.365256316671474224e+01 6.939085717230130967e+01 6.939085717230130967e+01 7.606264347704087925e+01 7.606264347704087925e+01 7.656188921064607200e+01 7.656188921064607200e+01 7.656188921064607200e+01 7.656188921064607200e+01 7.656188921064607200e+01 7.656188921064607200e+01 7.656188921064607200e+01 7.656188921064607200e+01 7.656188921064607200e+01
5.824238627431364534e+01 6.775485732302063013e+01 6.775485732302063013e+01 7.648000459915562033e+01 7.648000459915562033e+01 7.802022164691639716e+01 7.802022164691639716e+01 7.802022164691639716e+01 7.802022164691639716e+01 7.802022164691639716e+01 7.802022164691639716e+01 7.802022164691639716e+01 7.802022164691639716e+01 7.819698520765315664e+01 7.819698520765315664e+01 7.819698520765315664e+01 7.819698520765315664e+01 7.819698520765315664e+01 7.819698520765315664e+01 7.819698520765315664e+01 7.819698520765315664e+01
6.360854800928231612e+01 6.360854800928231612e+01 6.360854800928231612e+01 6.360854800928231612e+01 6.360854800928231612e+01 6.360854800928231612e+01 6.360854800928231612e+01 6.360854800928231612e+01 6.360854800928231612e+01 6.360854800928231612e+01 6.360854800928231612e+01 6.360854800928231612e+01 6.360854800928231612e+01 6.360854800928231612e+01 6.360854800928231612e+01 6.360854800928231612e+01 6.360854800928231612e+01 6.360854800928231612e+01 6.360854800928231612e+01 6.360854800928231612e+01 6.360854800928231612e+01
6.240447181743555660e+01 6.240447181743555660e+01 6.240447181743555660e+01 6.240447181743555660e+01 6.240447181743555660e+01 6.240447181743555660e+01 7.567775161330931155e+01 7.567775161330931155e+01 7.567775161330931155e+01 7.567775161330931155e+01 7.567775161330931155e+01 7.567775161330931155e+01 7.567775161330931155e+01 7.567775161330931155e+01 7.567775161330931155e+01 7.567775161330931155e+01 7.567775161330931155e+01 7.567775161330931155e+01 7.567775161330931155e+01 7.567775161330931155e+01 7.567775161330931155e+01
6.390522943417416002e+01 6.390522943417416002e+01 6.390522943417416002e+01 6.390522943417416002e+01 6.390522943417416002e+01 6.390522943417416002e+01 6.390522943417416002e+01 6.390522943417416002e+01 6.390522943417416002e+01 7.510891664518211996e+01 7.624390762325586479e+01 7.624390762325586479e+01 7.624390762325586479e+01 7.624390762325586479e+01 7.624390762325586479e+01 7.624390762325586479e+01 7.624390762325586479e+01 7.624390762325586479e+01 7.624390762325586479e+01 7.624390762325586479e+01 7.624390762325586479e+01
6.786024318583008608e+01 6.786024318583008608e+01 6.786024318583008608e+01 6.786024318583008608e+01 7.283254155619302139e+01 7.283254155619302139e+01 7.722943402160866810e+01 7.832039802590571753e+01 7.832039802590571753e+01 7.832039802590571753e+01 7.832039802590571753e+01 7.832039802590571753e+01 7.832039802590571753e+01 7.832039802590571753e+01 7.832039802590571753e+01 7.832039802590571753e+01 7.832039802590571753e+01 7.832039802590571753e+01 7.832039802590571753e+01 7.832039802590571753e+01 7.832039802590571753e+01
2.993693898240707085e+01 5.818458181882876801e+01 5.818458181882876801e+01 5.818458181882876801e+01 5.818458181882876801e+01 5.968966752290690181e+01 5.968966752290690181e+01 5.968966752290690181e+01 5.968966752290690181e+01 5.968966752290690181e+01 5.968966752290690181e+01 5.968966752290690181e+01 5.968966752290690181e+01 5.968966752290690181e+01 5.968966752290690181e+01 5.968966752290690181e+01 5.968966752290690181e+01 5.968966752290690181e+01 5.968966752290690181e+01 5.968966752290690181e+01 5.968966752290690181e+01
4.214662161902435855e+01 4.214662161902435855e+01 4.214662161902435855e+01 4.214662161902435855e+01 5.278361317571935274e+01 6.946540993285520926e+01 6.946540993285520926e+01 7.631036361467275242e+01 7.631036361467275242e+01 7.786083215726975482e+01 7.786083215726975482e+01 7.786083215726975482e+01 7.786083215726975482e+01 7.786083215726975482e+01 7.786083215726975482e+01 7.786083215726975482e+01 7.786083215726975482e+01 7.786083215726975482e+01 7.786083215726975482e+01 7.786083215726975482e+01 7.786083215726975482e+01
4.536718720729224685e+01 6.146963653945157091e+01 6.146963653945157091e+01 6.146963653945157091e+01 6.146963653945157091e+01 6.956548200872138921e+01 6.956548200872138921e+01 6.956548200872138921e+01 6.956548200872138921e+01 6.956548200872138921e+01 7.748834898208689026e+01 7.748834898208689026e+01 7.748834898208689026e+01 7.748834898208689026e+01 7.748834898208689026e+01 7.748834898208689026e+01 7.748834898208689026e+01 7.748834898208689026e+01 7.748834898208689026e+01 7.748834898208689026e+01 7.748834898208689026e+01
6.841954554611912442e+01 7.664676155488932352e+01 7.664676155488932352e+01 7.664676155488932352e+01 7.664676155488932352e+01 7.765135927330265986e+01 7.765135927330265986e+01 7.765135927330265986e+01 7.765135927330265986e+01 7.765135927330265986e+01 7.765135927330265986e+01 7.765135927330265986e+01 7.765135927330265986e+01 7.765135927330265986e+01 7.765135927330265986e+01 7.765135927330265986e+01 7.765135927330265986e+01 7.765135927330265986e+01 7.765135927330265986e+01 7.765135927330265986e+01 7.765135927330265986e+01
6.367683271213262941e+01 6.367683271213262941e+01 6.367683271213262941e+01 6.367683271213262941e+01 6.367683271213262941e+01 6.367683271213262941e+01 6.367683271213262941e+01 6.367683271213262941e+01 6.367683271213262941e+01 6.367683271213262941e+01 6.367683271213262941e+01 6.367683271213262941e+01 6.367683271213262941e+01 6.367683271213262941e+01 6.367683271213262941e+01 6.367683271213262941e+01 6.367683271213262941e+01 6.367683271213262941e+01 6.367683271213262941e+01 7.749063591723114541e+01 7.749063591723114541e+01
4.436734447878711052e+01 5.957933384367864704e+01 5.957933384367864704e+01 5.957933384367864704e+01 5.957933384367864704e+01 5.957933384367864704e+01 5.957933384367864704e+01 5.957933384367864704e+01 5.957933384367864704e+01 5.957933384367864704e+01 5.957933384367864704e+01 5.957933384367864704e+01 5.957933384367864704e+01 5.957933384367864704e+01 5.957933384367864704e+01 5.957933384367864704e+01 6.855509757636986023e+01 6.855509757636986023e+01 6.855509757636986023e+01 6.855509757636986023e+01 6.855509757636986023e+01
5.629910507068447600e+01 5.928630629579735967e+01 5.928630629579735967e+01 6.829643569367007672e+01 6.829643569367007672e+01 6.829643569367007672e+01 6.829643569367007672e+01 6.829643569367007672e+01 6.829643569367007672e+01 6.829643569367007672e+01 6.829643569367007672e+01 6.829643569367007672e+01 7.832820421053236259e+01 7.832820421053236259e+01 7.832820421053236259e+01 7.832820421053236259e+01 7.832820421053236259e+01 7.832820421053236259e+01 7.832828984018772189e+01 7.832828984018772189e+01 7.832828984018772189e+01
6.295963839291621156e+01 6.295963839291621156e+01 6.295963839291621156e+01 6.295963839291621156e+01 6.295963839291621156e+01 6.295963839291621156e+01 7.406336762127736506e+01 7.406336762127736506e+01 7.406336762127736506e+01 7.406336762127736506e+01 7.406336762127736506e+01 7.406336762127736506e+01 7.406336762127736506e+01 7.794382477668494857e+01 7.794382477668494857e+01 7.794382477668494857e+01 7.794382477668494857e+01 7.794382477668494857e+01 7.794382477668494857e+01 7.794382477668494857e+01 7.794382477668494857e+01
5.432799612177618087e+01 5.432799612177618087e+01 5.432799612177618087e+01 5.432799612177618087e+01 5.432799612177618087e+01 5.432799612177618087e+01 5.432799612177618087e+01 5.432799612177618087e+01 5.432799612177618087e+01 5.432799612177618087e+01 5.432799612177618087e+01 5.947777954888928065e+01 6.505087025311209459e+01 7.755033619075847184e+01 7.755033619075847184e+01 7.755033619075847184e+01 7.755033619075847184e+01 7.755033619075847184e+01 7.831248640793361915e+01 7.831248640793361915e+01 7.831248640793361915e+01
6.246563326069343702e+01 6.246563326069343702e+01 6.246563326069343702e+01 7.397752403015934419e+01 7.397752403015934419e+01 7.397752403015934419e+01 7.731539464721626587e+01 7.731539464721626587e+01 7.731539464721626587e+01 7.731539464721626587e+01 7.731539464721626587e+01 7.731539464721626587e+01 7.731539464721626587e+01 7.731539464721626587e+01 7.731539464721626587e+01 7.731539464721626587e+01 7.731539464721626587e+01 7.731539464721626587e+01 7.731539464721626587e+01 7.731539464721626587e+01 7.731539464721626587e+01
6.687379535258986607e+01 6.687379535258986607e+01 7.513545747305875011e+01 7.513545747305875011e+01 7.513545747305875011e+01 7.784158078719602258e+01 7.833159601766092806e+01 7.833159601766092806e+01 7.833159601766092806e+01 7.833159601766092806e+01 7.833159601766092806e+01 7.833159601766092806e+01 7.833159601766092806e+01 7.833221230690014636e+01 7.833221230690014636e+01 7.833221230690014636e+01 7.833221230690014636e+01 7.833221230690014636e+01 7.833221230690014636e+01 7.833221230690014636e+01 7.833221230690014636e+01
3.745468848212460955e+01 3.745468848212460955e+01 3.972068909401314585e+01 3.972068909401314585e+01 3.972068909401314585e+01 3.972068909401314585e+01 4.838730134801257776e+01 5.598844207447012877e+01 5.598844207447012877e+01 5.598844207447012877e+01 5.598844207447012877e+01 5.598844207447012877e+01 5.598844207447012877e+01 5.598844207447012877e+01 6.394262885021431941e+01 6.394262885021431941e+01 6.394262885021431941e+01 6.394262885021431941e+01 6.394262885021431941e+01 6.394262885021431941e+01 6.394262885021431941e+01
4.602878935096670432e+01 5.173307700945746035e+01 5.173307700945746035e+01 5.173307700945746035e+01 5.173307700945746035e+01 5.173307700945746035e+01 5.173307700945746035e+01 6.294001502256238467e+01 6.294001502256238467e+01 6.294001502256238467e+01 6.294001502256238467e+01 6.323953478584461152e+01 6.323953478584461152e+01 6.323953478584461152e+01 7.400925631244557223e+01 7.400925631244557223e+01 7.400925631244557223e+01 7.400925631244557223e+01 7.400925631244557223e+01 7.400925631244557223e+01 7.400925631244557223e+01
6.512087490401106038e+01 6.512087490401106038e+01 7.308606384732701144e+01 7.308606384732701144e+01 7.800013212798174322e+01 7.800013212798174322e+01 7.800013212798174322e+01 7.827961698928326939e+01 7.827961698928326939e+01 7.827961698928326939e+01 7.827961698928326939e+01 7.827961698928326939e+01 7.827961698928326939e+01 7.827961698928326939e+01 7.827961698928326939e+01 7.827961698928326939e+01 7.827961698928326939e+01 7.827961698928326939e+01 7.827961698928326939e+01 7.827961698928326939e+01 7.827961698928326939e+01
