2.451872029000000097e+01 3.645105350000000044e+01 3.645105350000000044e+01 3.645105350000000044e+01 3.645105350000000044e+01 5.365256317000000053e+01 5.365256317000000053e+01 5.365256317000000053e+01 5.365256317000000053e+01 7.265225316999999450e+01 7.265225316999999450e+01 7.692355652999999904e+01 7.819405371000000571e+01 7.819405371000000571e+01 7.832471343000000275e+01 7.832471343000000275e+01 7.832471343000000275e+01 7.832471343000000275e+01 7.832471343000000275e+01 7.832471343000000275e+01 7.832471343000000275e+01
5.824238626999999724e+01 6.381588859000000014e+01 6.381588859000000014e+01 7.778641453999999555e+01 7.778641453999999555e+01 7.778641453999999555e+01 7.778641453999999555e+01 7.778641453999999555e+01 7.826848990000000583e+01 7.826848990000000583e+01 7.826848990000000583e+01 7.826848990000000583e+01 7.826848990000000583e+01 7.826848990000000583e+01 7.826848990000000583e+01 7.826848990000000583e+01 7.826848990000000583e+01 7.826848990000000583e+01 7.826848990000000583e+01 7.826848990000000583e+01 7.826848990000000583e+01
6.360854800999999981e+01 7.360514659000000393e+01 7.360514659000000393e+01 7.621587707000000478e+01 7.621587707000000478e+01 7.621587707000000478e+01 7.830669256000000189e+01 7.830669256000000189e+01 7.830669256000000189e+01 7.830669256000000189e+01 7.830669256000000189e+01 7.830669256000000189e+01 7.830669256000000189e+01 7.830669256000000189e+01 7.830669256000000189e+01 7.830669256000000189e+01 7.830669256000000189e+01 7.830669256000000189e+01 7.830669256000000189e+01 7.830669256000000189e+01 7.830669256000000189e+01
6.240447181999999771e+01 6.240447181999999771e+01 7.625571976000000518e+01 7.732106009000000313e+01 7.823955574000000013e+01 7.823955574000000013e+01 7.832055821999999523e+01 7.832055821999999523e+01 7.832055821999999523e+01 7.832055821999999523e+01 7.832055821999999523e+01 7.832055821999999523e+01 7.832055821999999523e+01 7.832055821999999523e+01 7.832055821999999523e+01 7.832055821999999523e+01 7.832055821999999523e+01 7.832055821999999523e+01 7.832055821999999523e+01 7.832055821999999523e+01 7.832055821999999523e+01
6.390522942999999856e+01 6.390522942999999856e+01 6.390522942999999856e+01 6.390522942999999856e+01 6.390522942999999856e+01 6.390522942999999856e+01 6.390522942999999856e+01 6.390522942999999856e+01 6.390522942999999856e+01 6.390522942999999856e+01 6.390522942999999856e+01 6.390522942999999856e+01 6.390522942999999856e+01 6.390522942999999856e+01 6.390522942999999856e+01 6.390522942999999856e+01 7.435476092999999764e+01 7.435476092999999764e+01 7.435476092999999764e+01 7.800731471999999656e+01 7.801872403999999506e+01
6.786024319000000560e+01 6.786024319000000560e+01 6.921094533000000126e+01 7.814227531999999599e+01 7.829850285000000554e+01 7.832895591000000479e+01 7.833005047999999704e+01 7.833005047999999704e+01 7.833005047999999704e+01 7.833005047999999704e+01 7.833005047999999704e+01 7.833005047999999704e+01 7.833005047999999704e+01 7.833005047999999704e+01 7.833005047999999704e+01 7.833005047999999704e+01 7.833005047999999704e+01 7.833005047999999704e+01 7.833005047999999704e+01 7.833005047999999704e+01 7.833005047999999704e+01
2.993693898000000075e+01 5.874288288000000335e+01 5.874288288000000335e+01 5.874288288000000335e+01 5.874288288000000335e+01 5.874288288000000335e+01 5.874288288000000335e+01 5.874288288000000335e+01 6.274855380999999710e+01 6.274855380999999710e+01 6.274855380999999710e+01 7.681370416999999406e+01 7.775667864999999779e+01 7.821903444000000150e+01 7.821903444000000150e+01 7.821903444000000150e+01 7.821903444000000150e+01 7.821903444000000150e+01 7.821903444000000150e+01 7.821903444000000150e+01 7.821903444000000150e+01
4.214662161999999768e+01 4.214662161999999768e+01 4.214662161999999768e+01 4.214662161999999768e+01 4.214662161999999768e+01 4.882887534000000329e+01 4.882887534000000329e+01 5.362952666000000335e+01 5.362952666000000335e+01 5.362952666000000335e+01 5.558955444000000057e+01 5.558955444000000057e+01 5.558955444000000057e+01 5.558955444000000057e+01 5.558955444000000057e+01 6.338794764000000015e+01 6.338794764000000015e+01 6.338794764000000015e+01 6.338794764000000015e+01 6.338794764000000015e+01 6.338794764000000015e+01
4.536718720999999732e+01 6.146963654000000332e+01 6.146963654000000332e+01 6.146963654000000332e+01 6.146963654000000332e+01 6.146963654000000332e+01 6.146963654000000332e+01 6.146963654000000332e+01 6.146963654000000332e+01 6.146963654000000332e+01 6.146963654000000332e+01 6.146963654000000332e+01 6.146963654000000332e+01 6.146963654000000332e+01 6.146963654000000332e+01 6.146963654000000332e+01 6.146963654000000332e+01 6.146963654000000332e+01 6.146963654000000332e+01 7.768205546999999456e+01 7.768205546999999456e+01
6.841954554999999516e+01 6.841954554999999516e+01 6.841954554999999516e+01 6.841954554999999516e+01 6.841954554999999516e+01 6.841954554999999516e+01 6.841954554999999516e+01 6.841954554999999516e+01 6.841954554999999516e+01 6.841954554999999516e+01 6.841954554999999516e+01 6.841954554999999516e+01 6.841954554999999516e+01 6.841954554999999516e+01 6.841954554999999516e+01 6.841954554999999516e+01 6.841954554999999516e+01 6.841954554999999516e+01 7.553056329999999718e+01 7.779027236999999673e+01 7.779027236999999673e+01
6.367683270999999934e+01 6.367683270999999934e+01 6.367683270999999934e+01 6.367683270999999934e+01 6.367683270999999934e+01 6.367683270999999934e+01 6.367683270999999934e+01 6.367683270999999934e+01 6.367683270999999934e+01 7.383982686000000228e+01 7.383982686000000228e+01 7.383982686000000228e+01 7.383982686000000228e+01 7.383982686000000228e+01 7.804509851000000253e+01 7.822532911000000411e+01 7.832359279000000640e+01 7.832359279000000640e+01 7.832359279000000640e+01 7.832359279000000640e+01 7.832359279000000640e+01
4.436734447999999986e+01 5.957933383999999677e+01 5.957933383999999677e+01 6.458493785000000287e+01 6.458493785000000287e+01 7.616423704999999700e+01 7.616423704999999700e+01 7.792745612000000222e+01 7.792745612000000222e+01 7.792745612000000222e+01 7.792745612000000222e+01 7.792745612000000222e+01 7.792745612000000222e+01 7.792745612000000222e+01 7.792745612000000222e+01 7.792745612000000222e+01 7.792745612000000222e+01 7.792745612000000222e+01 7.792745612000000222e+01 7.792745612000000222e+01 7.792745612000000222e+01
5.629910507000000308e+01 5.928630629999999968e+01 5.928630629999999968e+01 5.928630629999999968e+01 5.928630629999999968e+01 5.928630629999999968e+01 5.928630629999999968e+01 5.928630629999999968e+01 5.928630629999999968e+01 5.928630629999999968e+01 5.928630629999999968e+01 5.928630629999999968e+01 5.928630629999999968e+01 5.928630629999999968e+01 5.928630629999999968e+01 5.928630629999999968e+01 5.928630629999999968e+01 5.928630629999999968e+01 5.928630629999999968e+01 6.340908355999999912e+01 6.340908355999999912e+01
6.295963839000000206e+01 6.295963839000000206e+01 6.516118473000000222e+01 7.461759444999999857e+01 7.692489638000000696e+01 7.692489638000000696e+01 7.692489638000000696e+01 7.692489638000000696e+01 7.692489638000000696e+01 7.692489638000000696e+01 7.692489638000000696e+01 7.826191686999999320e+01 7.826191686999999320e+01 7.826191686999999320e+01 7.826191686999999320e+01 7.826191686999999320e+01 7.826191686999999320e+01 7.833170751999999482e+01 7.833170751999999482e+01 7.833170751999999482e+01 7.833170751999999482e+01
5.432799612000000167e+01 5.432799612000000167e+01 5.432799612000000167e+01 5.432799612000000167e+01 5.432799612000000167e+01 5.432799612000000167e+01 5.432799612000000167e+01 5.432799612000000167e+01 5.432799612000000167e+01 5.432799612000000167e+01 6.233021865999999989e+01 6.233021865999999989e+01 6.233021865999999989e+01 6.233021865999999989e+01 6.233021865999999989e+01 6.233021865999999989e+01 6.233021865999999989e+01 6.233021865999999989e+01 6.233021865999999989e+01 6.233021865999999989e+01 7.819588260000000446e+01
6.246563325999999705e+01 6.246563325999999705e+01 7.253054708999999889e+01 7.717847321000000704e+01 7.742065293999999653e+01 7.742065293999999653e+01 7.742065293999999653e+01 7.819650697999999522e+01 7.819650697999999522e+01 7.819650697999999522e+01 7.819650697999999522e+01 7.819650697999999522e+01 7.819650697999999522e+01 7.819650697999999522e+01 7.819650697999999522e+01 7.819650697999999522e+01 7.819650697999999522e+01 7.819650697999999522e+01 7.819650697999999522e+01 7.819650697999999522e+01 7.819650697999999522e+01
6.687379534999999464e+01 6.687379534999999464e+01 6.687379534999999464e+01 7.717043728999999530e+01 7.824137082999999393e+01 7.833061540999999295e+01 7.833061540999999295e+01 7.833061540999999295e+01 7.833061540999999295e+01 7.833061540999999295e+01 7.833232372000000510e+01 7.833232372000000510e+01 7.833232372000000510e+01 7.833232372000000510e+01 7.833232372000000510e+01 7.833232372000000510e+01 7.833232372000000510e+01 7.833232372000000510e+01 7.833232372000000510e+01 7.833232372000000510e+01 7.833232372000000510e+01
3.745468848000000150e+01 3.745468848000000150e+01 3.745468848000000150e+01 3.745468848000000150e+01 3.943587829999999883e+01 3.943587829999999883e+01 3.943587829999999883e+01 5.514946499999999929e+01 5.514946499999999929e+01 5.514946499999999929e+01 5.514946499999999929e+01 7.181760006999999746e+01 7.181760006999999746e+01 7.181760006999999746e+01 7.181760006999999746e+01 7.181760006999999746e+01 7.181760006999999746e+01 7.181760006999999746e+01 7.181760006999999746e+01 7.181760006999999746e+01 7.181760006999999746e+01
4.602878934999999672e+01 4.602878934999999672e+01 4.602878934999999672e+01 4.602878934999999672e+01 4.602878934999999672e+01 4.602878934999999672e+01 6.806117804000000149e+01 7.488233864999999412e+01 7.722582486000000301e+01 7.722582486000000301e+01 7.820807646999999463e+01 7.830798944999999378e+01 7.830798944999999378e+01 7.830798944999999378e+01 7.830798944999999378e+01 7.830798944999999378e+01 7.830798944999999378e+01 7.830798944999999378e+01 7.830798944999999378e+01 7.830798944999999378e+01 7.830798944999999378e+01
6.512087490000000400e+01 7.593378624000000343e+01 7.793136925999999676e+01 7.793136925999999676e+01 7.830611598000000129e+01 7.830611598000000129e+01 7.833191662999999494e+01 7.833191662999999494e+01 7.833191662999999494e+01 7.833191662999999494e+01 7.833191662999999494e+01 7.833191662999999494e+01 7.833191662999999494e+01 7.833191662999999494e+01 7.833191662999999494e+01 7.833191662999999494e+01 7.833191662999999494e+01 7.833191662999999494e+01 7.833191662999999494e+01 7.833191662999999494e+01 7.833191662999999494e+01
