2.451872028602588216e+01 2.451872028602588216e+01 2.451872028602588216e+01 3.542906271231813520e+01 3.542906271231813520e+01 4.466021040120797636e+01 4.466021040120797636e+01 4.466021040120797636e+01 4.466021040120797636e+01 5.779801700974642387e+01 6.373964113508196760e+01 6.373964113508196760e+01 7.413430799291981543e+01 7.413430799291981543e+01 7.413430799291981543e+01 7.413430799291981543e+01 7.413430799291981543e+01 7.413430799291981543e+01 7.413430799291981543e+01 7.413430799291981543e+01 7.413430799291981543e+01
5.824238627431364534e+01 6.775485732302063013e+01 6.775485732302063013e+01 7.700096080588427583e+01 7.700096080588427583e+01 7.700096080588427583e+01 7.700096080588427583e+01 7.700096080588427583e+01 7.700096080588427583e+01 7.700096080588427583e+01 7.700096080588427583e+01 7.700096080588427583e+01 7.700096080588427583e+01 7.700096080588427583e+01 7.700096080588427583e+01 7.700096080588427583e+01 7.700096080588427583e+01 7.700096080588427583e+01 7.700096080588427583e+01 7.700096080588427583e+01 7.700096080588427583e+01
6.360854800928231612e+01 6.360854800928231612e+01 6.360854800928231612e+01 6.360854800928231612e+01 6.360854800928231612e+01 6.360854800928231612e+01 6.360854800928231612e+01 6.360854800928231612e+01 6.360854800928231612e+01 6.360854800928231612e+01 6.360854800928231612e+01 6.360854800928231612e+01 6.360854800928231612e+01 6.360854800928231612e+01 6.360854800928231612e+01 6.360854800928231612e+01 7.414871052216210501e+01 7.414871052216210501e+01 7.414871052216210501e+01 7.414871052216210501e+01 7.414871052216210501e+01
6.240447181743555660e+01 6.240447181743555660e+01 6.240447181743555660e+01 6.240447181743555660e+01 6.240447181743555660e+01 7.737493654425540512e+01 7.737493654425540512e+01 7.737493654425540512e+01 7.737493654425540512e+01 7.737493654425540512e+01 7.737493654425540512e+01 7.737493654425540512e+01 7.737493654425540512e+01 7.737493654425540512e+01 7.737493654425540512e+01 7.737493654425540512e+01 7.737493654425540512e+01 7.737493654425540512e+01 7.737493654425540512e+01 7.737493654425540512e+01 7.737493654425540512e+01
6.390522943417416002e+01 6.390522943417416002e+01 6.390522943417416002e+01 6.390522943417416002e+01 6.390522943417416002e+01 6.390522943417416002e+01 6.390522943417416002e+01 6.390522943417416002e+01 6.390522943417416002e+01 6.390522943417416002e+01 6.390522943417416002e+01 6.390522943417416002e+01 6.390522943417416002e+01 7.164883808298753820e+01 7.164883808298753820e+01 7.164883808298753820e+01 7.164883808298753820e+01 7.164883808298753820e+01 7.164883808298753820e+01 7.164883808298753820e+01 7.164883808298753820e+01
6.786024318583008608e+01 6.786024318583008608e+01 6.786024318583008608e+01 6.786024318583008608e+01 6.786024318583008608e+01 6.786024318583008608e+01 6.786024318583008608e+01 6.786024318583008608e+01 6.786024318583008608e+01 6.786024318583008608e+01 6.786024318583008608e+01 6.786024318583008608e+01 6.786024318583008608e+01 6.941184829953441238e+01 6.941184829953441238e+01 6.941184829953441238e+01 6.941184829953441238e+01 6.941184829953441238e+01 6.941184829953441238e+01 6.941184829953441238e+01 6.941184829953441238e+01
2.993693898240707085e+01 5.725508484143799137e+01 5.725508484143799137e+01 5.725508484143799137e+01 5.725508484143799137e+01 5.725508484143799137e+01 5.725508484143799137e+01 5.725508484143799137e+01 5.725508484143799137e+01 5.725508484143799137e+01 5.725508484143799137e+01 5.725508484143799137e+01 5.725508484143799137e+01 5.725508484143799137e+01 5.725508484143799137e+01 5.725508484143799137e+01 5.725508484143799137e+01 6.368713263248221068e+01 6.368713263248221068e+01 6.368713263248221068e+01 7.111751963738176130e+01
4.214662161902435855e+01 4.214662161902435855e+01 4.214662161902435855e+01 4.214662161902435855e+01 4.726919908966792150e+01 4.726919908966792150e+01 4.726919908966792150e+01 4.726919908966792150e+01 5.654681059153202227e+01 7.021750416318758425e+01 7.021750416318758425e+01 7.021750416318758425e+01 7.021750416318758425e+01 7.021750416318758425e+01 7.021750416318758425e+01 7.021750416318758425e+01 7.021750416318758425e+01 7.021750416318758425e+01 7.021750416318758425e+01 7.021750416318758425e+01 7.678339110453210026e+01
4.536718720729224685e+01 6.146963653945157091e+01 6.146963653945157091e+01 6.146963653945157091e+01 6.146963653945157091e+01 6.912907795852302684e+01 6.912907795852302684e+01 6.912907795852302684e+01 6.912907795852302684e+01 6.912907795852302684e+01 6.912907795852302684e+01 6.912907795852302684e+01 6.912907795852302684e+01 7.693410858199891322e+01 7.693410858199891322e+01 7.693410858199891322e+01 7.693410858199891322e+01 7.693410858199891322e+01 7.693410858199891322e+01 7.693410858199891322e+01 7.693410858199891322e+01
6.841954554611912442e+01 6.841954554611912442e+01 6.841954554611912442e+01 6.841954554611912442e+01 6.841954554611912442e+01 6.841954554611912442e+01 6.841954554611912442e+01 6.841954554611912442e+01 6.841954554611912442e+01 6.841954554611912442e+01 6.841954554611912442e+01 6.841954554611912442e+01 6.841954554611912442e+01 6.841954554611912442e+01 7.692143155249968345e+01 7.692143155249968345e+01 7.692143155249968345e+01 7.692143155249968345e+01 7.692143155249968345e+01 7.692143155249968345e+01 7.692143155249968345e+01
6.367683271213262941e+01 6.367683271213262941e+01 6.367683271213262941e+01 6.367683271213262941e+01 6.367683271213262941e+01 6.367683271213262941e+01 6.367683271213262941e+01 6.367683271213262941e+01 6.367683271213262941e+01 6.367683271213262941e+01 6.367683271213262941e+01 6.367683271213262941e+01 6.367683271213262941e+01 6.367683271213262941e+01 6.367683271213262941e+01 6.367683271213262941e+01 6.961139562184087026e+01 6.961139562184087026e+01 6.961139562184087026e+01 6.961139562184087026e+01 6.961139562184087026e+01
4.436734447878711052e+01 5.957933384367864704e+01 5.957933384367864704e+01 5.957933384367864704e+01 5.957933384367864704e+01 5.957933384367864704e+01 5.957933384367864704e+01 5.957933384367864704e+01 5.957933384367864704e+01 5.957933384367864704e+01 5.957933384367864704e+01 5.957933384367864704e+01 5.957933384367864704e+01 5.957933384367864704e+01 5.957933384367864704e+01 5.957933384367864704e+01 5.957933384367864704e+01 5.957933384367864704e+01 5.957933384367864704e+01 6.246080967064499134e+01 6.246080967064499134e+01
5.629910507068447600e+01 5.928630629579735967e+01 5.928630629579735967e+01 6.829643569367007672e+01 6.829643569367007672e+01 6.829643569367007672e+01 6.829643569367007672e+01 6.829643569367007672e+01 6.829643569367007672e+01 6.829643569367007672e+01 7.612983270590416396e+01 7.612983270590416396e+01 7.612983270590416396e+01 7.612983270590416396e+01 7.612983270590416396e+01 7.612983270590416396e+01 7.612983270590416396e+01 7.612983270590416396e+01 7.612983270590416396e+01 7.612983270590416396e+01 7.612983270590416396e+01
6.295963839291621156e+01 6.295963839291621156e+01 6.295963839291621156e+01 6.295963839291621156e+01 6.295963839291621156e+01 6.295963839291621156e+01 7.504366270646474391e+01 7.504366270646474391e+01 7.504366270646474391e+01 7.504366270646474391e+01 7.504366270646474391e+01 7.504366270646474391e+01 7.504366270646474391e+01 7.504366270646474391e+01 7.504366270646474391e+01 7.504366270646474391e+01 7.504366270646474391e+01 7.504366270646474391e+01 7.504366270646474391e+01 7.504366270646474391e+01 7.709507623870234738e+01
5.432799612177618087e+01 5.432799612177618087e+01 5.432799612177618087e+01 5.432799612177618087e+01 5.432799612177618087e+01 5.432799612177618087e+01 5.432799612177618087e+01 5.432799612177618087e+01 5.432799612177618087e+01 5.432799612177618087e+01 5.432799612177618087e+01 6.066073037288494163e+01 6.066073037288494163e+01 6.066073037288494163e+01 7.591585143440933336e+01 7.591585143440933336e+01 7.591585143440933336e+01 7.591585143440933336e+01 7.748245162350022497e+01 7.748245162350022497e+01 7.748245162350022497e+01
6.246563326069343702e+01 6.790051924679366380e+01 6.790051924679366380e+01 7.510934116937218619e+01 7.510934116937218619e+01 7.510934116937218619e+01 7.510934116937218619e+01 7.510934116937218619e+01 7.510934116937218619e+01 7.510934116937218619e+01 7.510934116937218619e+01 7.510934116937218619e+01 7.510934116937218619e+01 7.510934116937218619e+01 7.510934116937218619e+01 7.510934116937218619e+01 7.510934116937218619e+01 7.510934116937218619e+01 7.510934116937218619e+01 7.510934116937218619e+01 7.510934116937218619e+01
6.687379535258986607e+01 6.687379535258986607e+01 6.687379535258986607e+01 6.687379535258986607e+01 7.148234123647034721e+01 7.148234123647034721e+01 7.694535777599050164e+01 7.694535777599050164e+01 7.694535777599050164e+01 7.694535777599050164e+01 7.694535777599050164e+01 7.694535777599050164e+01 7.694535777599050164e+01 7.694535777599050164e+01 7.694535777599050164e+01 7.694535777599050164e+01 7.694535777599050164e+01 7.694535777599050164e+01 7.694535777599050164e+01 7.694535777599050164e+01 7.694535777599050164e+01
3.745468848212460955e+01 3.745468848212460955e+01 3.972068909401314585e+01 3.972068909401314585e+01 3.972068909401314585e+01 3.972068909401314585e+01 4.838730134801257776e+01 5.598844207447012877e+01 5.598844207447012877e+01 5.598844207447012877e+01 5.598844207447012877e+01 5.598844207447012877e+01 5.598844207447012877e+01 5.598844207447012877e+01 6.388019800447660401e+01 6.388019800447660401e+01 6.388019800447660401e+01 6.388019800447660401e+01 6.388019800447660401e+01 6.388019800447660401e+01 6.388019800447660401e+01
4.602878935096670432e+01 5.173307700945746035e+01 5.173307700945746035e+01 5.173307700945746035e+01 5.173307700945746035e+01 5.173307700945746035e+01 5.173307700945746035e+01 6.294001502256238467e+01 6.294001502256238467e+01 6.294001502256238467e+01 6.294001502256238467e+01 6.294001502256238467e+01 6.294001502256238467e+01 6.842346485239667686e+01 6.842346485239667686e+01 6.842346485239667686e+01 6.842346485239667686e+01 6.842346485239667686e+01 6.842346485239667686e+01 6.842346485239667686e+01 6.842346485239667686e+01
6.512087490401106038e+01 6.512087490401106038e+01 6.519374888473137730e+01 7.568903668191038037e+01 7.568903668191038037e+01 7.568903668191038037e+01 7.568903668191038037e+01 7.568903668191038037e+01 7.568903668191038037e+01 7.568903668191038037e+01 7.568903668191038037e+01 7.568903668191038037e+01 7.568903668191038037e+01 7.568903668191038037e+01 7.568903668191038037e+01 7.568903668191038037e+01 7.568903668191038037e+01 7.568903668191038037e+01 7.568903668191038037e+01 7.568903668191038037e+01 7.568903668191038037e+01
